82
164
247
329
412
494
577
659
740
824
905
988
1070
1153
1234
1316
1399
1480
1563
1644
1727
1808
1889
1972
2053
2136
2217
2299
2380
2461
2543
2624
2706
2786
2868
2949
3029
3111
3191
3273
3353
3434
3514
3594
3675
3754
3835
3915
3995
4075
4154
4234
4313
4393
4472
4552
4630
4709
4788
4866
4946
5024
5103
5180
5258
5337
5414
5492
5569
5647
5724
5800
5878
5954
6032
6108
6185
6260
6336
6413
6488
6564
6639
6715
6789
6863
6939
7013
7088
7162
7236
7310
7383
7457
7529
7603
7676
7749
7821
7893
7965
8037
8109
8180
8252
8322
8393
8464
8534
8605
8674
8745
8814
8883
8952
9021
9090
9158
9227
9294
9361
9430
9496
9564
9630
9697
9763
9829
9895
9960
10026
10090
10156
10220
10284
10348
10411
10476
10538
10602
10664
10726
10789
10850
10912
10973
11035
11095
11155
11216
11275
11335
11394
11454
11512
11570
11629
11686
11745
11801
11859
11915
11971
12028
12083
12139
12194
12249
12303
12357
12412
12465
12519
12571
12625
12676
12728
12780
12831
12883
12933
12984
13034
13083
13133
13182
13231
13279
13328
13375
13422
13470
13516
13563
13608
13655
13700
13744
13789
13833
13878
13921
13965
14007
14049
14092
14134
14175
14216
14257
14298
14337
14377
14416
14456
14494
14533
14570
14607
14645
14681
14718
14754
14790
14825
14859
14894
14928
14962
14995
15029
15061
15093
15125
15156
15188
15218
15249
15279
15308
15337
15366
15395
15422
15450
15477
15504
15531
15556
15582
15607
15632
15657
15681
15704
15728
15751
15773
15795
15817
15838
15859
15879
15900
15919
15939
15957
15976
15994
16011
16029
16046
16062
16078
16094
16109
16124
16138
16152
16166
16179
16192
16204
16216
16228
16239
16250
16260
16270
16279
16288
16297
16305
16313
16321
16328
16334
16340
16346
16352
16357
16361
16365
16369
16372
16375
16378
16380
16381
16383
16384
16384
16384
16384
16383
16381
16380
16378
16375
16372
16369
16365
16361
16357
16352
16346
16340
16334
16328
16321
16313
16305
16297
16288
16279
16270
16260
16250
16239
16228
16216
16204
16192
16179
16166
16152
16138
16124
16109
16094
16078
16062
16046
16029
16011
15994
15976
15957
15939
15919
15900
15879
15859
15838
15817
15795
15773
15751
15728
15704
15681
15657
15632
15607
15582
15556
15531
15504
15477
15450
15422
15395
15366
15337
15308
15279
15249
15218
15188
15156
15125
15093
15061
15029
14995
14962
14928
14894
14859
14825
14790
14754
14718
14681
14645
14607
14570
14533
14494
14456
14416
14377
14337
14298
14257
14216
14175
14134
14092
14049
14007
13965
13921
13878
13833
13789
13744
13700
13655
13608
13563
13516
13470
13422
13375
13328
13279
13231
13182
13133
13083
13034
12984
12933
12883
12831
12780
12728
12676
12625
12571
12519
12465
12412
12357
12303
12249
12194
12139
12083
12028
11971
11915
11859
11801
11745
11686
11629
11570
11512
11454
11394
11335
11275
11216
11155
11095
11035
10973
10912
10850
10789
10726
10664
10602
10538
10476
10411
10348
10284
10220
10156
10090
10026
9960
9895
9829
9763
9697
9630
9564
9496
9430
9361
9294
9227
9158
9090
9021
8952
8883
8814
8745
8674
8605
8534
8464
8393
8322
8252
8180
8109
8037
7965
7893
7821
7749
7676
7603
7529
7457
7383
7310
7236
7162
7088
7013
6939
6863
6789
6715
6639
6564
6488
6413
6336
6260
6185
6108
6032
5954
5878
5800
5724
5647
5569
5492
5414
5337
5258
5180
5103
5024
4946
4866
4788
4709
4630
4552
4472
4393
4313
4234
4154
4075
3995
3915
3835
3754
3675
3594
3514
3434
3353
3273
3191
3111
3029
2949
2868
2786
2706
2624
2543
2461
2380
2299
2217
2136
2053
1972
1889
1808
1727
1644
1563
1480
1399
1316
1234
1153
1070
988
905
824
740
659
577
494
412
329
247
164
82
1
-82
-164
-247
-329
-412
-494
-576
-659
-740
-824
-905
-988
-1070
-1151
-1234
-1316
-1399
-1480
-1563
-1644
-1725
-1808
-1889
-1972
-2053
-2136
-2217
-2298
-2380
-2461
-2543
-2624
-2706
-2786
-2867
-2949
-3029
-3111
-3191
-3273
-3353
-3432
-3514
-3594
-3675
-3754
-3835
-3915
-3994
-4075
-4154
-4234
-4313
-4393
-4472
-4550
-4630
-4709
-4788
-4866
-4946
-5024
-5101
-5180
-5258
-5337
-5414
-5492
-5569
-5646
-5724
-5800
-5878
-5954
-6032
-6108
-6183
-6260
-6336
-6413
-6488
-6564
-6639
-6713
-6789
-6863
-6939
-7013
-7088
-7162
-7235
-7310
-7383
-7457
-7529
-7603
-7676
-7748
-7821
-7893
-7965
-8037
-8109
-8180
-8251
-8322
-8393
-8464
-8534
-8605
-8674
-8743
-8814
-8883
-8952
-9021
-9090
-9158
-9226
-9294
-9361
-9430
-9496
-9564
-9630
-9696
-9763
-9829
-9895
-9960
-10026
-10090
-10155
-10220
-10284
-10348
-10411
-10476
-10538
-10601
-10664
-10726
-10789
-10850
-10912
-10973
-11034
-11095
-11155
-11216
-11275
-11335
-11394
-11453
-11512
-11570
-11629
-11686
-11745
-11801
-11858
-11915
-11971
-12028
-12083
-12139
-12194
-12248
-12303
-12357
-12412
-12465
-12519
-12571
-12624
-12676
-12728
-12780
-12831
-12883
-12933
-12983
-13034
-13083
-13133
-13182
-13231
-13279
-13327
-13375
-13422
-13470
-13516
-13563
-13608
-13654
-13700
-13744
-13789
-13833
-13878
-13921
-13964
-14007
-14049
-14092
-14134
-14175
-14216
-14257
-14298
-14337
-14377
-14416
-14456
-14494
-14532
-14570
-14607
-14645
-14681
-14718
-14754
-14789
-14825
-14859
-14894
-14928
-14962
-14995
-15028
-15061
-15093
-15125
-15156
-15188
-15218
-15248
-15279
-15308
-15337
-15366
-15395
-15422
-15450
-15477
-15504
-15531
-15556
-15582
-15607
-15632
-15657
-15681
-15704
-15728
-15751
-15773
-15795
-15817
-15838
-15859
-15879
-15900
-15919
-15938
-15957
-15976
-15994
-16011
-16029
-16046
-16062
-16078
-16094
-16109
-16124
-16138
-16152
-16166
-16179
-16192
-16204
-16216
-16228
-16239
-16249
-16260
-16270
-16279
-16288
-16297
-16305
-16313
-16321
-16328
-16334
-16340
-16346
-16352
-16357
-16361
-16365
-16369
-16372
-16375
-16378
-16380
-16381
-16383
-16384
-16384
-16384
-16384
-16383
-16381
-16380
-16378
-16375
-16372
-16369
-16365
-16361
-16357
-16352
-16346
-16340
-16334
-16328
-16321
-16313
-16305
-16297
-16288
-16279
-16270
-16260
-16250
-16239
-16228
-16216
-16204
-16192
-16179
-16166
-16152
-16138
-16124
-16109
-16094
-16078
-16062
-16046
-16029
-16011
-15994
-15976
-15957
-15939
-15919
-15900
-15879
-15859
-15838
-15817
-15795
-15773
-15751
-15728
-15704
-15681
-15657
-15632
-15607
-15582
-15556
-15531
-15504
-15477
-15450
-15422
-15395
-15366
-15337
-15308
-15279
-15249
-15218
-15188
-15156
-15125
-15094
-15061
-15029
-14995
-14962
-14928
-14894
-14859
-14825
-14790
-14754
-14718
-14681
-14645
-14607
-14570
-14533
-14494
-14456
-14416
-14377
-14337
-14298
-14257
-14216
-14175
-14134
-14092
-14049
-14007
-13965
-13921
-13878
-13833
-13789
-13744
-13700
-13655
-13608
-13563
-13516
-13470
-13422
-13375
-13328
-13279
-13231
-13182
-13133
-13083
-13034
-12984
-12933
-12883
-12831
-12780
-12728
-12676
-12625
-12571
-12519
-12465
-12412
-12357
-12303
-12249
-12194
-12139
-12083
-12028
-11971
-11915
-11859
-11801
-11745
-11686
-11629
-11570
-11512
-11454
-11394
-11335
-11275
-11216
-11155
-11095
-11035
-10973
-10912
-10850
-10789
-10726
-10664
-10602
-10538
-10476
-10411
-10348
-10284
-10220
-10156
-10090
-10026
-9960
-9895
-9829
-9763
-9697
-9630
-9564
-9496
-9430
-9361
-9294
-9227
-9158
-9090
-9021
-8952
-8883
-8814
-8745
-8674
-8605
-8534
-8464
-8393
-8322
-8252
-8180
-8109
-8037
-7965
-7893
-7821
-7749
-7676
-7603
-7529
-7457
-7383
-7310
-7236
-7162
-7088
-7013
-6939
-6863
-6789
-6715
-6639
-6564
-6488
-6413
-6336
-6260
-6185
-6108
-6032
-5954
-5878
-5800
-5724
-5647
-5569
-5492
-5414
-5337
-5258
-5180
-5103
-5024
-4946
-4866
-4788
-4709
-4630
-4552
-4472
-4393
-4313
-4234
-4154
-4075
-3995
-3915
-3835
-3754
-3675
-3594
-3514
-3434
-3353
-3273
-3191
-3111
-3029
-2949
-2868
-2786
-2706
-2624
-2543
-2461
-2380
-2299
-2217
-2136
-2053
-1972
-1889
-1808
-1727
-1644
-1563
-1480
-1399
-1316
-1234
-1153
-1070
-988
-905
-824
-740
-659
-577
-494
-412
-329
-247
-164
-82
-1
82
164
247
329
412
494
576
659
740
824
905
988
1070
1151
1234
1316
1399
1480
1563
1644
1725
1808
1889
1972
2053
2136
2217
2298
2380
2461
2543
2624
2706
2786
2867
2949
3029
3111
3191
3273
3353
3432
3514
3594
3675
3754
3835
3915
3994
4075
4154
4234
4313
4393
4472
4550
4630
4709
4788
4866
4946
5024
5101
5180
5258
5337
5414
5492
5569
5646
5724
5800
5878
5954
6032
6108
6183
6260
6336
6413
6488
6564
6639
6713
6789
6863
6939
7013
7088
7162
7235
7310
7383
7457
7529
7603
7676
7748
7821
7893
7965
8037
8109
8180
8251
8322
8393
8464
8534
8605
8674
8743
8814
8883
8952
9021
9090
9158
9226
9294
9361
9430
9496
9564
9630
9696
9763
9829
9895
9960
10026
10090
10155
10220
10284
10348
10411
10476
10538
10601
10664
10726
10789
10850
10912
10973
11034
11095
11155
11216
11275
11335
11394
11453
11512
11570
11629
11686
11745
11801
11858
11915
11971
12028
12083
12139
12194
12248
12303
12357
12412
12465
12519
12571
12624
12676
12728
12780
12831
12883
12933
12983
13034
13083
13133
13182
13231
13279
13327
13375
13422
13470
13516
13563
13608
13654
13700
13744
13789
13833
13878
13921
13964
14007
14049
14092
14134
14175
14216
14257
14298
14337
14377
14416
14456
14494
14532
14570
14607
14645
14681
14718
14754
14789
14825
14859
14894
14928
14962
14995
15028
15061
15093
15125
15156
15188
15218
15248
15279
15308
15337
15366
15395
15422
15450
15477
15504
15531
15556
15582
15607
15632
15657
15681
15704
15728
15751
15773
15795
15817
15838
15859
15879
15900
15919
15938
15957
15976
15994
16011
16029
16046
16062
16078
16094
16109
16124
16138
16152
16166
16179
16192
16204
16216
16228
16239
16249
16260
16270
16279
16288
16297
16305
16313
16321
16328
16334
16340
16346
16352
16357
16361
16365
16369
16372
16375
16378
16380
16381
16383
16384
16384
16384
16384
16383
16381
16380
16378
16375
16372
16369
16365
16361
16357
16352
16346
16340
16334
16328
16321
16313
16305
16297
16288
16279
16270
16260
16250
16239
16228
16216
16204
16192
16179
16166
16152
16138
16124
16109
16094
16078
16062
16046
16029
16011
15994
15976
15957
15939
15919
15900
15879
15859
15838
15817
15795
15773
15751
15728
15704
15681
15657
15632
15607
15582
15556
15531
15504
15477
15450
15422
15395
15366
15337
15308
15279
15249
15218
15188
15156
15125
15094
15061
15029
14995
14962
14928
14894
14860
14825
14790
14754
14718
14681
14645
14608
14570
14533
14494
14456
14416
14377
14338
14298
14257
14216
14175
14134
14092
14050
14007
13965
13921
13878
13833
13789
13745
13700
13655
13608
13563
13516
13470
13423
13375
13328
13279
13231
13182
13133
13084
13034
12984
12933
12883
12831
12780
12729
12676
12625
12571
12519
12465
12412
12358
12303
12249
12194
12139
12083
12028
11972
11915
11859
11801
11745
11686
11629
11571
11512
11454
11394
11335
11275
11216
11156
11095
11035
10973
10912
10850
10789
10727
10664
10602
10538
10476
10411
10348
10285
10220
10156
10090
10026
9960
9895
9830
9763
9697
9630
9564
9496
9430
9363
9294
9227
9158
9090
9021
8952
8884
8814
8745
8674
8605
8534
8464
8394
8322
8252
8180
8109
8037
7965
7894
7821
7749
7676
7603
7529
7457
7384
7310
7236
7162
7088
7013
6939
6865
6789
6715
6639
6564
6488
6413
6337
6260
6185
6108
6032
5954
5878
5802
5724
5647
5569
5492
5414
5337
5259
5180
5103
5024
4946
4866
4788
4710
4630
4552
4472
4393
4313
4234
4155
4075
3995
3915
3835
3754
3675
3595
3514
3434
3353
3273
3191
3111
3031
2949
2868
2786
2706
2624
2543
2462
2380
2299
2217
2136
2053
1972
1891
1808
1727
1644
1563
1480
1399
1317
1234
1153
1070
988
905
824
742
659
577
494
412
329
247
166
82
1
-82
-164
-247
-329
-411
-494
-576
-659
-740
-824
-905
-987
-1070
-1151
-1234
-1316
-1399
-1480
-1561
-1644
-1725
-1808
-1889
-1972
-2053
-2134
-2217
-2298
-2380
-2461
-2543
-2624
-2704
-2786
-2867
-2949
-3029
-3111
-3191
-3271
-3353
-3432
-3514
-3594
-3675
-3754
-3834
-3915
-3994
-4075
-4154
-4234
-4313
-4392
-4472
-4550
-4630
-4709
-4788
-4866
-4944
-5024
-5101
-5180
-5258
-5337
-5414
-5491
-5569
-5646
-5724
-5800
-5878
-5954
-6030
-6108
-6183
-6260
-6336
-6413
-6488
-6563
-6639
-6713
-6789
-6863
-6939
-7013
-7087
-7162
-7235
-7310
-7383
-7457
-7529
-7602
-7676
-7748
-7821
-7893
-7965
-8037
-8108
-8180
-8251
-8322
-8393
-8464
-8534
-8604
-8674
-8743
-8814
-8883
-8952
-9021
-9089
-9158
-9226
-9294
-9361
-9430
-9496
-9563
-9630
-9696
-9763
-9829
-9895
-9960
-10025
-10090
-10155
-10220
-10284
-10348
-10411
-10474
-10538
-10601
-10664
-10726
-10789
-10850
-10911
-10973
-11034
-11095
-11155
-11216
-11275
-11334
-11394
-11453
-11512
-11570
-11629
-11686
-11744
-11801
-11858
-11915
-11971
-12028
-12083
-12138
-12194
-12248
-12303
-12357
-12412
-12465
-12519
-12571
-12624
-12676
-12728
-12780
-12831
-12883
-12933
-12983
-13034
-13083
-13133
-13182
-13231
-13279
-13327
-13375
-13422
-13470
-13516
-13563
-13608
-13654
-13700
-13744
-13789
-13833
-13878
-13921
-13964
-14007
-14049
-14092
-14134
-14175
-14216
-14257
-14298
-14337
-14377
-14416
-14456
-14494
-14532
-14570
-14607
-14645
-14681
-14718
-14754
-14789
-14825
-14859
-14894
-14928
-14962
-14995
-15028
-15061
-15093
-15125
-15156
-15188
-15218
-15248
-15279
-15308
-15337
-15366
-15395
-15422
-15450
-15477
-15504
-15531
-15556
-15582
-15607
-15632
-15657
-15681
-15704
-15728
-15751
-15773
-15795
-15817
-15838
-15859
-15879
-15900
-15919
-15938
-15957
-15976
-15994
-16011
-16029
-16046
-16062
-16078
-16094
-16109
-16124
-16138
-16152
-16166
-16179
-16192
-16204
-16216
-16228
-16239
-16249
-16260
-16270
-16279
-16288
-16297
-16305
-16313
-16321
-16328
-16334
-16340
-16346
-16352
-16357
-16361
-16365
-16369
-16372
-16375
-16378
-16380
-16381
-16383
-16384
-16384
-16384
-16384
-16383
-16381
-16380
-16378
-16375
-16372
-16369
-16365
-16361
-16357
-16352
-16346
-16340
-16334
-16328
-16321
-16313
-16305
-16297
-16288
-16279
-16270
-16260
-16250
-16239
-16228
-16216
-16204
-16192
-16179
-16166
-16152
-16138
-16124
-16109
-16094
-16078
-16062
-16046
-16029
-16011
-15994
-15976
-15957
-15939
-15919
-15900
-15879
-15859
-15838
-15817
-15795
-15773
-15751
-15728
-15704
-15681
-15657
-15632
-15607
-15582
-15556
-15531
-15504
-15477
-15450
-15422
-15395
-15366
-15337
-15308
-15279
-15249
-15218
-15188
-15156
-15125
-15094
-15061
-15029
-14995
-14962
-14928
-14894
-14860
-14825
-14790
-14754
-14718
-14681
-14645
-14608
-14570
-14533
-14494
-14456
-14416
-14377
-14338
-14298
-14257
-14216
-14175
-14134
-14092
-14050
-14007
-13965
-13921
-13878
-13833
-13789
-13745
-13700
-13655
-13608
-13563
-13516
-13470
-13423
-13375
-13328
-13279
-13231
-13182
-13133
-13084
-13034
-12984
-12933
-12883
-12831
-12780
-12729
-12676
-12625
-12571
-12519
-12465
-12412
-12358
-12303
-12249
-12194
-12139
-12083
-12028
-11972
-11915
-11859
-11801
-11745
-11686
-11629
-11571
-11512
-11454
-11394
-11335
-11275
-11216
-11156
-11095
-11035
-10973
-10912
-10850
-10789
-10727
-10664
-10602
-10538
-10476
-10411
-10348
-10285
-10220
-10156
-10090
-10026
-9960
-9895
-9830
-9763
-9697
-9630
-9564
-9496
-9430
-9363
-9294
-9227
-9158
-9090
-9021
-8952
-8884
-8814
-8745
-8674
-8605
-8534
-8464
-8394
-8322
-8252
-8180
-8109
-8037
-7965
-7894
-7821
-7749
-7676
-7603
-7529
-7457
-7384
-7310
-7236
-7162
-7088
-7013
-6939
-6865
-6789
-6715
-6639
-6564
-6488
-6413
-6337
-6260
-6185
-6108
-6032
-5954
-5878
-5802
-5724
-5647
-5569
-5492
-5414
-5337
-5259
-5180
-5103
-5024
-4946
-4866
-4788
-4710
-4630
-4552
-4472
-4393
-4313
-4234
-4155
-4075
-3995
-3915
-3835
-3754
-3675
-3595
-3514
-3434
-3353
-3273
-3191
-3111
-3031
-2949
-2868
-2786
-2706
-2624
-2543
-2462
-2380
-2299
-2217
-2136
-2053
-1972
-1891
-1808
-1727
-1644
-1563
-1480
-1399
-1317
-1234
-1153
-1070
-988
-905
-824
-742
-659
-577
-494
-412
-329
-247
-166
-82
-1
82
164
247
329
411
494
576
659
740
824
905
987
1070
1151
1234
1316
1399
1480
1561
1644
1725
1808
1889
1972
2053
2134
2217
2298
2380
2461
2543
2624
2704
2786
2867
2949
3029
3111
3191
3271
3353
3432
3514
3594
3675
3754
3834
3915
3994
4075
4154
4234
4313
4392
4472
4550
4630
4709
4788
4866
4944
5024
5101
5180
5258
5337
5414
5491
5569
5646
5724
5800
5878
5954
6030
6108
6183
6260
6336
6413
6488
6563
6639
6713
6789
6863
6939
7013
7087
7162
7235
7310
7383
7457
7529
7602
7676
7748
7821
7893
7965
8037
8108
8180
8251
8322
8393
8464
8534
8604
8674
8743
8814
8883
8952
9021
9089
9158
9226
9294
9361
9430
9496
9563
9630
9696
9763
9829
9895
9960
10025
10090
10155
10220
10284
10348
10411
10474
10538
10601
10664
10726
10789
10850
10911
10973
11034
11095
11155
11216
11275
11334
11394
11453
11512
11570
11629
11686
11744
11801
11858
11915
11971
12028
12083
12138
12194
12248
12303
12357
12412
12465
12518
12571
12624
12676
12728
12780
12831
12882
12933
12983
13034
13083
13133
13182
13230
13279
13327
13375
13422
13470
13516
13562
13608
13654
13700
13744
13789
13833
13877
13921
13964
14007
14049
14092
14134
14175
14216
14257
14298
14337
14377
14416
14455
14494
14532
14570
14607
14645
14681
14717
14754
14789
14825
14859
14894
14928
14961
14995
15028
15061
15093
15125
15156
15187
15218
15248
15279
15308
15337
15366
15394
15422
15450
15477
15504
15531
15556
15582
15607
15632
15657
15681
15704
15728
15750
15773
15795
15817
15838
15859
15879
15899
15919
15938
15957
15976
15994
16011
16029
16046
16062
16078
16094
16109
16124
16138
16152
16166
16179
16192
16204
16216
16228
16239
16249
16260
16270
16279
16288
16297
16305
16313
16321
16328
16334
16340
16346
16352
16357
16361
16365
16369
16372
16375
16378
16380
16381
16383
16384
16384
16384
16384
16383
16381
16380
16378
16375
16372
16369
16365
16361
16357
16352
16346
16341
16334
16328
16321
16313
16305
16297
16289
16279
16270
16260
16250
16239
16228
16216
16204
16192
16179
16166
16152
16138
16124
16109
16094
16078
16062
16046
16029
16012
15994
15976
15957
15939
15919
15900
15880
15859
15838
15817
15795
15773
15751
15728
15704
15681
15657
15632
15607
15582
15557
15531
15504
15477
15450
15422
15395
15366
15337
15308
15279
15249
15218
15188
15157
15125
15094
15061
15029
14995
14962
14929
14894
14860
14825
14790
14754
14718
14682
14645
14608
14570
14533
14494
14456
14417
14377
14338
14298
14257
14216
14175
14134
14092
14050
14007
13965
13921
13878
13834
13789
13745
13700
13655
13608
13563
13517
13470
13423
13375
13328
13279
13231
13183
13133
13084
13034
12984
12933
12883
12832
12780
12729
12676
12625
12571
12519
12466
12412
12358
12303
12249
12194
12139
12084
12028
11972
11915
11859
11801
11745
11688
11629
11571
11512
11454
11394
11335
11276
11216
11156
11095
11035
10973
10912
10851
10789
10727
10664
10602
10538
10476
10413
10348
10285
10220
10156
10090
10026
9961
9895
9830
9763
9697
9630
9564
9498
9430
9363
9294
9227
9158
9090
9022
8952
8884
8814
8745
8674
8605
8535
8464
8394
8322
8252
8180
8109
8038
7965
7894
7821
7749
7676
7603
7531
7457
7384
7310
7236
7162
7088
7014
6939
6865
6789
6715
6639
6564
6489
6413
6337
6260
6185
6108
6032
5956
5878
5802
5724
5647
5569
5492
5415
5337
5259
5180
5103
5024
4946
4868
4788
4710
4630
4552
4472
4393
4313
4234
4155
4075
3995
3915
3835
3754
3675
3595
3514
3434
3353
3273
3191
3111
3031
2949
2868
2786
2706
2624
2543
2462
2380
2299
2217
2136
2053
1972
1891
1808
1727
1644
1563
1480
1399
1317
1234
1153
1070
988
905
824
742
659
577
494
412
329
247
166
82
1
-82
-164
-247
-329
-411
-494
-576
-659
-740
-824
-905
-987
-1070
-1151
-1234
-1316
-1399
-1480
-1561
-1644
-1725
-1808
-1889
-1972
-2053
-2134
-2217
-2298
-2380
-2461
-2543
-2624
-2704
-2786
-2867
-2949
-3029
-3111
-3191
-3271
-3353
-3432
-3514
-3594
-3675
-3754
-3834
-3915
-3994
-4075
-4154
-4234
-4313
-4392
-4472
-4550
-4630
-4709
-4788
-4866
-4944
-5024
-5101
-5180
-5258
-5337
-5414
-5491
-5569
-5646
-5724
-5800
-5878
-5954
-6030
-6108
-6183
-6260
-6336
-6413
-6488
-6563
-6639
-6713
-6789
-6863
-6939
-7013
-7087
-7162
-7235
-7310
-7383
-7457
-7529
-7602
-7676
-7748
-7821
-7893
-7965
-8037
-8108
-8180
-8251
-8322
-8393
-8464
-8534
-8604
-8674
-8743
-8814
-8883
-8952
-9021
-9089
-9158
-9226
-9294
-9361
-9430
-9496
-9563
-9630
-9696
-9763
-9829
-9895
-9960
-10025
-10090
-10155
-10220
-10284
-10348
-10411
-10474
-10538
-10601
-10664
-10726
-10789
-10850
-10911
-10973
-11034
-11095
-11155
-11216
-11275
-11334
-11394
-11453
-11512
-11570
-11629
-11686
-11744
-11801
-11858
-11915
-11971
-12028
-12083
-12138
-12194
-12248
-12303
-12357
-12412
-12465
-12518
-12571
-12624
-12676
-12728
-12780
-12831
-12882
-12933
-12983
-13034
-13083
-13133
-13182
-13230
-13279
-13327
-13375
-13422
-13470
-13516
-13562
-13608
-13654
-13700
-13744
-13789
-13833
-13877
-13921
-13964
-14007
-14049
-14092
-14134
-14175
-14216
-14257
-14298
-14337
-14377
-14416
-14455
-14494
-14532
-14570
-14607
-14645
-14681
-14717
-14754
-14789
-14825
-14859
-14894
-14928
-14961
-14995
-15028
-15061
-15093
-15125
-15156
-15187
-15218
-15248
-15279
-15308
-15337
-15366
-15394
-15422
-15450
-15477
-15504
-15531
-15556
-15582
-15607
-15632
-15657
-15681
-15704
-15728
-15750
-15773
-15795
-15817
-15838
-15859
-15879
-15899
-15919
-15938
-15957
-15976
-15994
-16011
-16029
-16046
-16062
-16078
-16094
-16109
-16124
-16138
-16152
-16166
-16179
-16192
-16204
-16216
-16228
-16239
-16249
-16260
-16270
-16279
-16288
-16297
-16305
-16313
-16321
-16328
-16334
-16340
-16346
-16352
-16357
-16361
-16365
-16369
-16372
-16375
-16378
-16380
-16381
-16383
-16384
-16384
-16384
-16384
-16383
-16381
-16380
-16378
-16375
-16372
-16369
-16365
-16361
-16357
-16352
-16346
-16341
-16334
-16328
-16321
-16313
-16305
-16297
-16289
-16279
-16270
-16260
-16250
-16239
-16228
-16216
-16204
-16192
-16179
-16166
-16152
-16138
-16124
-16109
-16094
-16078
-16062
-16046
-16029
-16012
-15994
-15976
-15957
-15939
-15919
-15900
-15880
-15859
-15838
-15817
-15795
-15773
-15751
-15728
-15704
-15681
-15657
-15632
-15607
-15582
-15557
-15531
-15504
-15477
-15450
-15422
-15395
-15366
-15337
-15308
-15279
-15249
-15218
-15188
-15157
-15125
-15094
-15061
-15029
-14995
-14962
-14929
-14894
-14860
-14825
-14790
-14754
-14718
-14682
-14645
-14608
-14570
-14533
-14494
-14456
-14417
-14377
-14338
-14298
-14257
-14216
-14175
-14134
-14092
-14050
-14007
-13965
-13921
-13878
-13834
-13789
-13745
-13700
-13655
-13608
-13563
-13517
-13470
-13423
-13375
-13328
-13279
-13231
-13183
-13133
-13084
-13034
-12984
-12933
-12883
-12832
-12780
-12729
-12676
-12625
-12571
-12519
-12466
-12412
-12358
-12303
-12249
-12194
-12139
-12084
-12028
-11972
-11915
-11859
-11801
-11745
-11688
-11629
-11571
-11512
-11454
-11394
-11335
-11276
-11216
-11156
-11095
-11035
-10973
-10912
-10851
-10789
-10727
-10664
-10602
-10538
-10476
-10413
-10348
-10285
-10220
-10156
-10090
-10026
-9961
-9895
-9830
-9763
-9697
-9630
-9564
-9498
-9430
-9363
-9294
-9227
-9158
-9090
-9022
-8952
-8884
-8814
-8745
-8674
-8605
-8535
-8464
-8394
-8322
-8252
-8180
-8109
-8038
-7965
-7894
-7821
-7749
-7676
-7603
-7531
-7457
-7384
-7310
-7236
-7162
-7088
-7014
-6939
-6865
-6789
-6715
-6639
-6564
-6489
-6413
-6337
-6260
-6185
-6108
-6032
-5956
-5878
-5802
-5724
-5647
-5569
-5492
-5415
-5337
-5259
-5180
-5103
-5024
-4946
-4868
-4788
-4710
-4630
-4552
-4472
-4393
-4315
-4234
-4155
-4075
-3995
-3915
-3835
-3756
-3675
-3595
-3514
-3434
-3353
-3273
-3193
-3111
-3031
-2949
-2868
-2786
-2706
-2625
-2543
-2462
-2380
-2299
-2217
-2136
-2055
-1972
-1891
-1808
-1727
-1644
-1563
-1482
-1399
-1317
-1234
-1153
-1070
-988
-907
-824
-742
-659
-577
-494
-412
-331
-247
-166
-82
-1
82
164
246
329
411
494
576
659
740
822
905
987
1070
1151
1234
1316
1397
1480
1561
1644
1725
1808
1889
1970
2053
2134
2217
2298
2380
2461
2541
2624
2704
2786
2867
2949
3029
3109
3191
3271
3353
3432
3514
3594
3673
3754
3834
3915
3994
4075
4154
4233
4313
4392
4472
4550
4630
4709
4787
4866
4944
5024
5101
5180
5258
5335
5414
5491
5569
5646
5724
5800
5877
5954
6030
6108
6183
6260
6336
6411
6488
6563
6639
6713
6789
6863
6938
7013
7087
7162
7235
7310
7383
7455
7529
7602
7676
7748
7821
7893
7964
8037
8108
8180
8251
8322
8393
8463
8534
8604
8674
8743
8814
8883
8951
9021
9089
9158
9226
9294
9361
9428
9496
9563
9630
9696
9763
9829
9894
9960
10025
10090
10155
10220
10284
10347
10411
10474
10538
10601
10664
10726
10788
10850
10911
10973
11034
11095
11155
11215
11275
11334
11394
11453
11512
11570
11628
11686
11744
11801
11858
11915
11971
12027
12083
12138
12194
12248
12303
12357
12411
12465
12518
12571
12624
12676
12728
12779
12831
12882
12933
12983
13034
13083
13132
13182
13230
13279
13327
13375
13422
13469
13516
13562
13608
13654
13700
13744
13788
13833
13877
13921
13964
14007
14049
14091
14134
14175
14216
14257
14298
14337
14377
14416
14455
14494
14532
14570
14607
14644
14681
14717
14754
14789
14825
14859
14894
14928
14961
14995
15028
15061
15093
15124
15156
15187
15218
15248
15279
15308
15337
15366
15394
15422
15450
15477
15504
15530
15556
15582
15607
15632
15657
15681
15704
15728
15750
15773
15795
15817
15838
15859
15879
15899
15919
15938
15957
15976
15994
16011
16029
16046
16062
16078
16094
16109
16124
16138
16152
16166
16179
16192
16204
16216
16228
16239
16249
16260
16270
16279
16288
16297
16305
16313
16321
16328
16334
16340
16346
16352
16357
16361
16365
16369
16372
16375
16378
16380
16381
16383
16384
16384
16384
16384
16383
16381
16380
16378
16375
16372
16369
16365
16361
16357
16352
16346
16341
16334
16328
16321
16313
16305
16297
16289
16279
16270
16260
16250
16239
16228
16216
16204
16192
16179
16166
16152
16138
16124
16109
16094
16078
16062
16046
16029
16012
15994
15976
15957
15939
15919
15900
15880
15859
15838
15817
15795
15773
15751
15728
15704
15681
15657
15632
15607
15582
15557
15531
15504
15477
15450
15422
15395
15366
15337
15308
15279
15249
15218
15188
15157
15125
15094
15061
15029
14995
14962
14929
14894
14860
14825
14790
14754
14718
14682
14645
14608
14570
14533
14494
14456
14417
14377
14338
14298
14257
14216
14175
14134
14092
14050
14007
13965
13921
13878
13834
13789
13745
13700
13655
13608
13563
13517
13470
13423
13375
13328
13279
13231
13183
13133
13084
13034
12984
12933
12883
12832
12780
12729
12676
12625
12571
12519
12466
12412
12358
12303
12249
12194
12139
12084
12028
11972
11915
11859
11801
11745
11688
11629
11571
11512
11454
11394
11335
11276
11216
11156
11095
11035
10973
10912
10851
10789
10727
10664
10602
10538
10476
10413
10348
10285
10220
10156
10090
10026
9961
9895
9830
9763
9697
9630
9564
9498
9430
9363
9294
9227
9158
9090
9022
8952
8884
8814
8745
8674
8605
8535
8464
8394
8322
8252
8180
8109
8038
7965
7894
7821
7749
7676
7603
7531
7457
7384
7310
7236
7162
7088
7014
6939
6865
6789
6715
6639
6564
6489
6413
6337
6260
6185
6108
6032
5956
5878
5802
5724
5647
5569
5492
5415
5337
5259
5180
5103
5024
4946
4868
4788
4710
4630
4552
4472
4393
4315
4234
4155
4075
3995
3915
3835
3756
3675
3595
3514
3434
3353
3273
3193
3111
3031
2949
2868
2786
2706
2625
2543
2462
2380
2299
2217
2136
2055
1972
1891
1808
1727
1644
1563
1482
1399
1317
1234
1153
1070
988
907
824
742
659
577
494
412
331
247
166
82
1
-82
-164
-246
-329
-411
-494
-576
-659
-740
-822
-905
-987
-1070
-1151
-1234
-1316
-1397
-1480
-1561
-1644
-1725
-1808
-1889
-1970
-2053
-2134
-2217
-2298
-2380
-2461
-2541
-2624
-2704
-2786
-2867
-2949
-3029
-3109
-3191
-3271
-3353
-3432
-3514
-3594
-3673
-3754
-3834
-3915
-3994
-4075
-4154
-4233
-4313
-4392
-4472
-4550
-4630
-4709
-4787
-4866
-4944
-5024
-5101
-5180
-5258
-5335
-5414
-5491
-5569
-5646
-5724
-5800
-5877
-5954
-6030
-6108
-6183
-6260
-6336
-6411
-6488
-6563
-6639
-6713
-6789
-6863
-6938
-7013
-7087
-7162
-7235
-7310
-7383
-7455
-7529
-7602
-7676
-7748
-7821
-7893
-7964
-8037
-8108
-8180
-8251
-8322
-8393
-8463
-8534
-8604
-8674
-8743
-8814
-8883
-8951
-9021
-9089
-9158
-9226
-9294
-9361
-9428
-9496
-9563
-9630
-9696
-9763
-9829
-9894
-9960
-10025
-10090
-10155
-10220
-10284
-10347
-10411
-10474
-10538
-10601
-10664
-10726
-10788
-10850
-10911
-10973
-11034
-11095
-11155
-11215
-11275
-11334
-11394
-11453
-11512
-11570
-11628
-11686
-11744
-11801
-11858
-11915
-11971
-12027
-12083
-12138
-12194
-12248
-12303
-12357
-12411
-12465
-12518
-12571
-12624
-12676
-12728
-12779
-12831
-12882
-12933
-12983
-13034
-13083
-13132
-13182
-13230
-13279
-13327
-13375
-13422
-13469
-13516
-13562
-13608
-13654
-13700
-13744
-13788
-13833
-13877
-13921
-13964
-14007
-14049
-14091
-14134
-14175
-14216
-14257
-14298
-14337
-14377
-14416
-14455
-14494
-14532
-14570
-14607
-14644
-14681
-14717
-14754
-14789
-14825
-14859
-14894
-14928
-14961
-14995
-15028
-15061
-15093
-15124
-15156
-15187
-15218
-15248
-15279
-15308
-15337
-15366
-15394
-15422
-15450
-15477
-15504
-15530
-15556
-15582
-15607
-15632
-15657
-15681
-15704
-15728
-15750
-15773
-15795
-15817
-15838
-15859
-15879
-15899
-15919
-15938
-15957
-15976
-15994
-16011
-16029
-16046
-16062
-16078
-16094
-16109
-16124
-16138
-16152
-16166
-16179
-16192
-16204
-16216
-16228
-16239
-16249
-16260
-16270
-16279
-16288
-16297
-16305
-16313
-16321
-16328
-16334
-16340
-16346
-16352
-16357
-16361
-16365
-16369
-16372
-16375
-16378
-16380
-16381
-16383
-16384
-16384
-16384
-16384
-16383
-16381
-16380
-16378
-16375
-16372
-16369
-16365
-16361
-16357
-16352
-16346
-16341
-16334
-16328
-16321
-16313
-16305
-16297
-16289
-16279
-16270
-16260
-16250
-16239
-16228
-16216
-16204
-16192
-16179
-16166
-16152
-16138
-16124
-16109
-16094
-16078
-16062
-16046
-16029
-16012
-15994
-15976
-15957
-15939
-15920
-15900
-15880
-15859
-15838
-15817
-15795
-15773
-15751
-15728
-15704
-15681
-15657
-15632
-15608
-15582
-15557
-15531
-15504
-15477
-15450
-15423
-15395
-15366
-15337
-15308
-15279
-15249
-15219
-15188
-15157
-15125
-15094
-15061
-15029
-14996
-14962
-14929
-14894
-14860
-14825
-14790
-14754
-14718
-14682
-14645
-14608
-14570
-14533
-14495
-14456
-14417
-14377
-14338
-14298
-14257
-14217
-14175
-14134
-14092
-14050
-14007
-13965
-13922
-13878
-13834
-13789
-13745
-13700
-13655
-13609
-13563
-13517
-13470
-13423
-13375
-13328
-13280
-13231
-13183
-13133
-13084
-13034
-12984
-12934
-12883
-12832
-12780
-12729
-12676
-12625
-12572
-12519
-12466
-12412
-12358
-12303
-12249
-12195
-12139
-12084
-12028
-11972
-11915
-11859
-11803
-11745
-11688
-11629
-11571
-11512
-11454
-11395
-11335
-11276
-11216
-11156
-11095
-11035
-10974
-10912
-10851
-10789
-10727
-10664
-10602
-10540
-10476
-10413
-10348
-10285
-10220
-10156
-10092
-10026
-9961
-9895
-9830
-9763
-9697
-9631
-9564
-9498
-9430
-9363
-9294
-9227
-9159
-9090
-9022
-8952
-8884
-8814
-8745
-8676
-8605
-8535
-8464
-8394
-8322
-8252
-8181
-8109
-8038
-7965
-7894
-7821
-7749
-7677
-7603
-7531
-7457
-7384
-7310
-7236
-7163
-7088
-7014
-6939
-6865
-6789
-6715
-6640
-6564
-6489
-6413
-6337
-6260
-6185
-6109
-6032
-5956
-5878
-5802
-5724
-5647
-5571
-5492
-5415
-5337
-5259
-5180
-5103
-5025
-4946
-4868
-4788
-4710
-4630
-4552
-4473
-4393
-4315
-4234
-4155
-4075
-3995
-3916
-3835
-3756
-3675
-3595
-3514
-3434
-3354
-3273
-3193
-3111
-3031
-2949
-2868
-2788
-2706
-2625
-2543
-2462
-2380
-2299
-2218
-2136
-2055
-1972
-1891
-1808
-1727
-1646
-1563
-1482
-1399
-1317
-1234
-1153
-1071
-988
-907
-824
-742
-659
-577
-496
-412
-331
-247
-166
-82
-1
81
164
246
329
411
494
576
657
740
822
905
987
1070
1151
1233
1316
1397
1480
1561
1644
1725
1807
1889
1970
2053
2134
2217
2298
2378
2461
2541
2624
2704
2786
2867
2947
3029
3109
3191
3271
3353
3432
3512
3594
3673
3754
3834
3915
3994
4073
4154
4233
4313
4392
4472
4550
4629
4709
4787
4866
4944
5024
5101
5179
5258
5335
5414
5491
5569
5646
5722
5800
5877
5954
6030
6108
6183
6259
6336
6411
6488
6563
6639
6713
6788
6863
6938
7013
7087
7162
7235
7308
7383
7455
7529
7602
7676
7748
7819
7893
7964
8037
8108
8180
8251
8321
8393
8463
8534
8604
8674
8743
8812
8883
8951
9021
9089
9158
9226
9294
9361
9428
9496
9563
9630
9696
9763
9829
9894
9960
10025
10090
10155
10220
10284
10347
10411
10474
10538
10601
10664
10726
10788
10850
10911
10973
11034
11095
11155
11215
11275
11334
11394
11453
11512
11570
11628
11686
11744
11801
11858
11915
11971
12027
12083
12138
12194
12248
12303
12357
12411
12465
12518
12571
12624
12676
12728
12779
12831
12882
12933
12983
13034
13083
13132
13182
13230
13279
13327
13375
13422
13469
13516
13562
13608
13654
13700
13744
13788
13833
13877
13921
13964
14007
14049
14091
14134
14175
14216
14257
14298
14337
14377
14416
14455
14494
14532
14570
14607
14644
14681
14717
14754
14789
14825
14859
14894
14928
14961
14995
15028
15061
15093
15124
15156
15187
15218
15248
15279
15308
15337
15366
15394
15422
15450
15477
15504
15530
15556
15582
15607
15632
15657
15681
15704
15728
15750
15773
15795
15817
15838
15859
15879
15899
15919
15938
15957
15976
15994
16011
16029
16046
16062
16078
16094
16109
16124
16138
16152
16166
16179
16192
16204
16216
16228
16239
16249
16260
16270
16279
16288
16297
16305
16313
16321
16328
16334
16340
16346
16352
16357
16361
16365
16369
16372
16375
16378
16380
16381
16383
16384
16384
16384
16384
16383
16381
16380
16378
16375
16372
16369
16365
16361
16357
16352
16346
16341
16334
16328
16321
16313
16305
16297
16289
16279
16270
16260
16250
16239
16228
16216
16204
16192
16179
16166
16152
16138
16124
16109
16094
16078
16062
16046
16029
16012
15994
15976
15957
15939
15920
15900
15880
15859
15838
15817
15795
15773
15751
15728
15704
15681
15657
15632
15608
15582
15557
15531
15504
15477
15450
15423
15395
15366
15337
15308
15279
15249
15219
15188
15157
15125
15094
15061
15029
14996
14962
14929
14894
14860
14825
14790
14754
14718
14682
14645
14608
14570
14533
14495
14456
14417
14377
14338
14298
14257
14217
14175
14134
14092
14050
14007
13965
13922
13878
13834
13789
13745
13700
13655
13609
13563
13517
13470
13423
13375
13328
13280
13231
13183
13133
13084
13034
12984
12934
12883
12832
12780
12729
12676
12625
12572
12519
12466
12412
12358
12303
12249
12195
12139
12084
12028
11972
11915
11859
11803
11745
11688
11629
11571
11512
11454
11395
11335
11276
11216
11156
11095
11035
10974
10912
10851
10789
10727
10664
10602
10540
10476
10413
10348
10285
10220
10156
10092
10026
9961
9895
9830
9763
9697
9631
9564
9498
9430
9363
9294
9227
9159
9090
9022
8952
8884
8814
8745
8676
8605
8535
8464
8394
8322
8252
8181
8109
8038
7965
7894
7821
7749
7677
7603
7531
7457
7384
7310
7236
7163
7088
7014
6939
6865
6789
6715
6640
6564
6489
6413
6337
6260
6185
6109
6032
5956
5878
5802
5724
5647
5571
5492
5415
5337
5259
5180
5103
5025
4946
4868
4788
4710
4630
4552
4473
4393
4315
4234
4155
4075
3995
3916
3835
3756
3675
3595
3514
3434
3354
3273
3193
3111
3031
2949
2868
2788
2706
2625
2543
2462
2380
2299
2218
2136
2055
1972
1891
1808
1727
1646
1563
1482
1399
1317
1234
1153
1071
988
907
824
742
659
577
496
412
331
247
166
82
1
-81
-164
-246
-329
-411
-494
-576
-657
-740
-822
-905
-987
-1070
-1151
-1233
-1316
-1397
-1480
-1561
-1644
-1725
-1807
-1889
-1970
-2053
-2134
-2217
-2298
-2378
-2461
-2541
-2624
-2704
-2786
-2867
-2947
-3029
-3109
-3191
-3271
-3353
-3432
-3512
-3594
-3673
-3754
-3834
-3915
-3994
-4073
-4154
-4233
-4313
-4392
-4472
-4550
-4629
-4709
-4787
-4866
-4944
-5024
-5101
-5179
-5258
-5335
-5414
-5491
-5569
-5646
-5722
-5800
-5877
-5954
-6030
-6108
-6183
-6259
-6336
-6411
-6488
-6563
-6639
-6713
-6788
-6863
-6938
-7013
-7087
-7162
-7235
-7308
-7383
-7455
-7529
-7602
-7676
-7748
-7819
-7893
-7964
-8037
-8108
-8180
-8251
-8321
-8393
-8463
-8534
-8604
-8674
-8743
-8812
-8883
-8951
-9021
-9089
-9158
-9226
-9293
-9361
-9428
-9496
-9563
-9630
-9696
-9762
-9829
-9894
-9960
-10025
-10090
-10155
-10219
-10284
-10347
-10411
-10474
-10538
-10601
-10663
-10726
-10788
-10850
-10911
-10973
-11034
-11094
-11155
-11215
-11275
-11334
-11394
-11453
-11511
-11570
-11628
-11686
-11744
-11801
-11858
-11914
-11971
-12027
-12083
-12138
-12194
-12248
-12302
-12357
-12411
-12465
-12518
-12571
-12624
-12675
-12728
-12779
-12831
-12882
-12933
-12983
-13033
-13083
-13132
-13182
-13230
-13279
-13327
-13374
-13422
-13469
-13516
-13562
-13608
-13654
-13699
-13744
-13788
-13833
-13877
-13921
-13964
-14006
-14049
-14091
-14134
-14175
-14216
-14257
-14297
-14337
-14377
-14416
-14455
-14494
-14532
-14569
-14607
-14644
-14681
-14717
-14754
-14789
-14824
-14859
-14894
-14928
-14961
-14995
-15028
-15060
-15093
-15124
-15156
-15187
-15218
-15248
-15278
-15308
-15337
-15366
-15394
-15422
-15450
-15477
-15504
-15530
-15556
-15582
-15607
-15632
-15656
-15681
-15704
-15728
-15750
-15773
-15795
-15816
-15838
-15859
-15879
-15899
-15919
-15938
-15957
-15976
-15994
-16011
-16029
-16046
-16062
-16078
-16094
-16109
-16124
-16138
-16152
-16166
-16179
-16192
-16204
-16216
-16228
-16239
-16249
-16260
-16270
-16279
-16288
-16297
-16305
-16313
-16321
-16328
-16334
-16340
-16346
-16352
-16357
-16361
-16365
-16369
-16372
-16375
-16378
-16380
-16381
-16383
-16384
-16384
-16384
-16384
-16383
-16381
-16380
-16378
-16375
-16372
-16369
-16365
-16361
-16357
-16352
-16346
-16341
-16334
-16328
-16321
-16313
-16305
-16297
-16289
-16279
-16270
-16260
-16250
-16239
-16228
-16216
-16204
-16192
-16179
-16166
-16152
-16138
-16124
-16109
-16094
-16078
-16062
-16046
-16029
-16012
-15994
-15976
-15958
-15939
-15920
-15900
-15880
-15859
-15838
-15817
-15795
-15773
-15751
-15728
-15704
-15681
-15657
-15632
-15608
-15582
-15557
-15531
-15504
-15478
-15450
-15423
-15395
-15366
-15337
-15308
-15279
-15249
-15219
-15188
-15157
-15125
-15094
-15062
-15029
-14996
-14962
-14929
-14894
-14860
-14825
-14790
-14754
-14718
-14682
-14645
-14608
-14571
-14533
-14495
-14456
-14417
-14377
-14338
-14298
-14257
-14217
-14175
-14134
-14092
-14050
-14008
-13965
-13922
-13878
-13834
-13789
-13745
-13700
-13655
-13609
-13563
-13517
-13470
-13423
-13376
-13328
-13280
-13231
-13183
-13133
-13084
-13035
-12984
-12934
-12883
-12832
-12780
-12729
-12677
-12625
-12572
-12519
-12466
-12412
-12358
-12304
-12249
-12195
-12139
-12084
-12028
-11972
-11916
-11859
-11803
-11745
-11688
-11629
-11571
-11513
-11454
-11395
-11335
-11276
-11216
-11156
-11096
-11035
-10974
-10912
-10851
-10789
-10727
-10665
-10602
-10540
-10476
-10413
-10348
-10285
-10221
-10156
-10092
-10026
-9961
-9895
-9830
-9764
-9697
-9631
-9564
-9498
-9430
-9363
-9295
-9227
-9159
-9090
-9022
-8952
-8884
-8815
-8745
-8676
-8605
-8535
-8464
-8394
-8322
-8252
-8181
-8109
-8038
-7965
-7894
-7821
-7749
-7677
-7603
-7531
-7457
-7384
-7310
-7236
-7163
-7088
-7014
-6939
-6865
-6789
-6715
-6640
-6564
-6489
-6413
-6337
-6260
-6185
-6109
-6032
-5956
-5878
-5802
-5724
-5647
-5571
-5492
-5415
-5337
-5259
-5180
-5103
-5025
-4946
-4868
-4788
-4710
-4630
-4552
-4473
-4393
-4315
-4234
-4155
-4075
-3995
-3916
-3835
-3756
-3675
-3595
-3514
-3434
-3354
-3273
-3193
-3111
-3031
-2949
-2868
-2788
-2706
-2625
-2543
-2462
-2380
-2299
-2218
-2136
-2055
-1972
-1891
-1808
-1727
-1646
-1563
-1482
-1399
-1317
-1234
-1153
-1071
-988
-907
-824
-742
-659
-577
-496
-412
-331
-247
-166
-82
-1
81
164
246
329
411
494
576
657
740
822
905
987
1070
1151
1233
1316
1397
1480
1561
1644
1725
1807
1889
1970
2053
2134
2217
2298
2378
2461
2541
2624
2704
2786
2867
2947
3029
3109
3191
3271
3353
3432
3512
3594
3673
3754
3834
3915
3994
4073
4154
4233
4313
4392
4472
4550
4629
4709
4787
4866
4944
5024
5101
5179
5258
5335
5414
5491
5569
5646
5722
5800
5877
5954
6030
6108
6183
6259
6336
6411
6488
6563
6639
6713
6788
6863
6938
7013
7087
7162
7235
7308
7383
7455
7529
7602
7676
7748
7819
7893
7964
8037
8108
8180
8251
8321
8393
8463
8534
8604
8674
8743
8812
8883
8951
9021
9089
9158
9226
9293
9361
9428
9496
9563
9630
9696
9762
9829
9894
9960
10025
10090
10155
10219
10284
10347
10411
10474
10538
10601
10663
10726
10788
10850
10911
10973
11034
11094
11155
11215
11275
11334
11394
11453
11511
11570
11628
11686
11744
11801
11858
11914
11971
12027
12083
12138
12194
12248
12302
12357
12411
12465
12518
12571
12624
12675
12728
12779
12831
12882
12933
12983
13033
13083
13132
13182
13230
13279
13327
13374
13422
13469
13516
13562
13608
13654
13699
13744
13788
13833
13877
13921
13964
14006
14049
14091
14134
14175
14216
14257
14297
14337
14377
14416
14455
14494
14532
14569
14607
14644
14681
14717
14754
14789
14824
14859
14894
14928
14961
14995
15028
15060
15093
15124
15156
15187
15218
15248
15278
15308
15337
15366
15394
15422
15450
15477
15504
15530
15556
15582
15607
15632
15656
15681
15704
15728
15750
15773
15795
15816
15838
15859
15879
15899
15919
15938
15957
15976
15994
16011
16029
16046
16062
16078
16094
16109
16124
16138
16152
16166
16179
16192
16204
16216
16228
16239
16249
16260
16270
16279
16288
16297
16305
16313
16321
16328
16334
16340
16346
16352
16357
16361
16365
16369
16372
16375
16378
16380
16381
16383
16384
16384
16384
16384
16383
16381
16380
16378
16375
16372
16369
16365
16361
16357
16352
16346
16341
16334
16328
16321
16313
16305
16297
16289
16279
16270
16260
16250
16239
16228
16216
16204
16192
16179
16166
16152
16138
16124
16109
16094
16078
16062
16046
16029
16012
15994
15976
15958
15939
15920
15900
15880
15859
15838
15817
15795
15773
15751
15728
15704
15681
15657
15632
15608
15582
15557
15531
15504
15478
15450
15423
15395
15366
15337
15308
15279
15249
15219
15188
15157
15125
15094
15062
15029
14996
14962
14929
14894
14860
14825
14790
14754
14718
14682
14645
14608
14571
14533
14495
14456
14417
14377
14338
14298
14257
14217
14175
14134
14092
14050
14008
13965
13922
13878
13834
13789
13745
13700
13655
13609
13563
13517
13470
13423
13376
13328
13280
13231
13183
13133
13084
13035
12984
12934
12883
12832
12780
12729
12677
12625
12572
12519
12466
12412
12358
12304
12249
12195
12139
12084
12028
11972
11916
11859
11803
11745
11688
11629
11571
11513
11454
11395
11335
11276
11216
11156
11096
11035
10974
10912
10851
10789
10727
10665
10602
10540
10476
10413
10348
10285
10221
10156
10092
10026
9961
9895
9830
9764
9697
9631
9564
9498
9430
9363
9295
9227
9159
9090
9022
8952
8884
8815
8745
8676
8605
8535
8464
8394
8324
8252
8181
8109
8038
7965
7894
7822
7749
7677
7603
7531
7457
7384
7311
7236
7163
7088
7014
6939
6865
6791
6715
6640
6564
6489
6413
6337
6262
6185
6109
6032
5956
5878
5802
5725
5647
5571
5492
5415
5337
5259
5182
5103
5025
4946
4868
4788
4710
4632
4552
4473
4393
4315
4234
4155
4076
3995
3916
3835
3756
3675
3595
3515
3434
3354
3273
3193
3111
3031
2950
2868
2788
2706
2625
2543
2462
2381
2299
2218
2136
2055
1972
1891
1810
1727
1646
1563
1482
1399
1317
1236
1153
1071
988
907
824
742
660
577
496
412
331
247
166
84
1
-81
-164
-246
-329
-411
-492
-576
-657
-740
-822
-905
-987
-1068
-1151
-1233
-1316
-1397
-1480
-1561
-1643
-1725
-1807
-1889
-1970
-2053
-2134
-2215
-2298
-2378
-2461
-2541
-2624
-2704
-2785
-2867
-2947
-3029
-3109
-3191
-3271
-3351
-3432
-3512
-3594
-3673
-3754
-3834
-3913
-3994
-4073
-4154
-4233
-4313
-4392
-4470
-4550
-4629
-4709
-4787
-4866
-4944
-5022
-5101
-5179
-5258
-5335
-5414
-5491
-5568
-5646
-5722
-5800
-5877
-5954
-6030
-6106
-6183
-6259
-6336
-6411
-6488
-6563
-6637
-6713
-6788
-6863
-6938
-7013
-7087
-7160
-7235
-7308
-7383
-7455
-7529
-7602
-7674
-7748
-7819
-7893
-7964
-8037
-8108
-8179
-8251
-8321
-8393
-8463
-8534
-8604
-8673
-8743
-8812
-8883
-8951
-9021
-9089
-9157
-9226
-9293
-9361
-9428
-9496
-9563
-9629
-9696
-9762
-9829
-9894
-9960
-10025
-10089
-10155
-10219
-10284
-10347
-10411
-10474
-10537
-10601
-10663
-10726
-10788
-10850
-10911
-10972
-11034
-11094
-11155
-11215
-11275
-11334
-11393
-11453
-11511
-11570
-11628
-11686
-11744
-11800
-11858
-11914
-11971
-12027
-12083
-12138
-12193
-12248
-12302
-12357
-12411
-12465
-12518
-12570
-12624
-12675
-12728
-12779
-12831
-12882
-12932
-12983
-13033
-13083
-13132
-13182
-13230
-13278
-13327
-13374
-13422
-13469
-13516
-13562
-13608
-13654
-13699
-13744
-13788
-13833
-13877
-13920
-13964
-14006
-14049
-14091
-14134
-14175
-14215
-14257
-14297
-14337
-14377
-14416
-14455
-14493
-14532
-14569
-14607
-14644
-14681
-14717
-14753
-14789
-14824
-14859
-14894
-14928
-14961
-14995
-15028
-15060
-15093
-15124
-15156
-15187
-15218
-15248
-15278
-15308
-15337
-15366
-15394
-15422
-15450
-15477
-15504
-15530
-15556
-15582
-15607
-15632
-15656
-15681
-15704
-15728
-15750
-15773
-15795
-15816
-15838
-15859
-15879
-15899
-15919
-15938
-15957
-15976
-15994
-16011
-16029
-16045
-16062
-16078
-16094
-16109
-16124
-16138
-16152
-16166
-16179
-16192
-16204
-16216
-16228
-16239
-16249
-16260
-16270
-16279
-16288
-16297
-16305
-16313
-16321
-16328
-16334
-16340
-16346
-16352
-16357
-16361
-16365
-16369
-16372
-16375
-16378
-16380
-16381
-16383
-16384
-16384
-16384
-16384
-16383
-16381
-16380
-16378
-16375
-16372
-16369
-16365
-16361
-16357
-16352
-16346
-16341
-16334
-16328
-16321
-16313
-16305
-16297
-16289
-16279
-16270
-16260
-16250
-16239
-16228
-16216
-16204
-16192
-16179
-16166
-16152
-16138
-16124
-16109
-16094
-16078
-16062
-16046
-16029
-16012
-15994
-15976
-15958
-15939
-15920
-15900
-15880
-15859
-15838
-15817
-15795
-15773
-15751
-15728
-15704
-15681
-15657
-15632
-15608
-15582
-15557
-15531
-15504
-15478
-15450
-15423
-15395
-15366
-15337
-15308
-15279
-15249
-15219
-15188
-15157
-15125
-15094
-15062
-15029
-14996
-14962
-14929
-14894
-14860
-14825
-14790
-14754
-14718
-14682
-14645
-14608
-14571
-14533
-14495
-14456
-14417
-14377
-14338
-14298
-14257
-14217
-14175
-14134
-14092
-14050
-14008
-13965
-13922
-13878
-13834
-13789
-13745
-13700
-13655
-13609
-13563
-13517
-13470
-13423
-13376
-13328
-13280
-13231
-13183
-13133
-13084
-13035
-12984
-12934
-12883
-12832
-12780
-12729
-12677
-12625
-12572
-12519
-12466
-12412
-12358
-12304
-12249
-12195
-12139
-12084
-12028
-11972
-11916
-11859
-11803
-11745
-11688
-11629
-11571
-11513
-11454
-11395
-11335
-11276
-11216
-11156
-11096
-11035
-10974
-10912
-10851
-10789
-10727
-10665
-10602
-10540
-10476
-10413
-10348
-10285
-10221
-10156
-10092
-10026
-9961
-9895
-9830
-9764
-9697
-9631
-9564
-9498
-9430
-9363
-9295
-9227
-9159
-9090
-9022
-8952
-8884
-8815
-8745
-8676
-8605
-8535
-8464
-8394
-8324
-8252
-8181
-8109
-8038
-7965
-7894
-7822
-7749
-7677
-7603
-7531
-7457
-7384
-7311
-7236
-7163
-7088
-7014
-6939
-6865
-6791
-6715
-6640
-6564
-6489
-6413
-6337
-6262
-6185
-6109
-6032
-5956
-5878
-5802
-5725
-5647
-5571
-5492
-5415
-5337
-5259
-5182
-5103
-5025
-4946
-4868
-4788
-4710
-4632
-4552
-4473
-4393
-4315
-4234
-4155
-4076
-3995
-3916
-3835
-3756
-3675
-3595
-3515
-3434
-3354
-3273
-3193
-3111
-3031
-2950
-2868
-2788
-2706
-2625
-2543
-2462
-2381
-2299
-2218
-2136
-2055
-1972
-1891
-1810
-1727
-1646
-1563
-1482
-1399
-1317
-1236
-1153
-1071
-988
-907
-824
-742
-660
-577
-496
-412
-331
-247
-166
-84
-1
81
164
246
329
411
492
576
657
740
822
905
987
1068
1151
1233
1316
1397
1480
1561
1643
1725
1807
1889
1970
2053
2134
2215
2298
2378
2461
2541
2624
2704
2785
2867
2947
3029
3109
3191
3271
3351
3432
3512
3594
3673
3754
3834
3913
3994
4073
4154
4233
4313
4392
4470
4550
4629
4709
4787
4866
4944
5022
5101
5179
5258
5335
5414
5491
5568
5646
5722
5800
5877
5954
6030
6106
6183
6259
6336
6411
6488
6563
6637
6713
6788
6863
6938
7013
7087
7160
7235
7308
7383
7455
7529
7602
7674
7748
7819
7893
7964
8037
8108
8179
8251
8321
8393
8463
8534
8604
8673
8743
8812
8883
8951
9021
9089
9157
9226
9293
9361
9428
9496
9563
9629
9696
9762
9829
9894
9960
10025
10089
10155
10219
10284
10347
10411
10474
10537
10601
10663
10726
10788
10850
10911
10972
11034
11094
11155
11215
11275
11334
11393
11453
11511
11570
11628
11686
11744
11800
11858
11914
11971
12027
12083
12138
12193
12248
12302
12357
12411
12465
12518
12570
12624
12675
12728
12779
12831
12882
12932
12983
13033
13083
13132
13182
13230
13278
13327
13374
13422
13469
13516
13562
13608
13654
13699
13744
13788
13833
13877
13920
13964
14006
14049
14091
14134
14175
14215
14257
14297
14337
14377
14416
14455
14493
14532
14569
14607
14644
14681
14717
14753
14789
14824
14859
14894
14928
14961
14995
15028
15060
15093
15124
15156
15187
15218
15248
15278
15308
15337
15366
15394
15422
15450
15477
15504
15530
15556
15582
15607
15632
15656
15681
15704
15728
15750
15773
15795
15816
15838
15859
15879
15899
15919
15938
15957
15976
15994
16011
16029
16045
16062
16078
16094
16109
16124
16138
16152
16166
16179
16192
16204
16216
16228
16239
16249
16260
16270
16279
16288
16297
16305
16313
16321
16328
16334
16340
16346
16352
16357
16361
16365
16369
16372
16375
16378
16380
16381
16383
16384
16384
16384
16384
16383
16381
16380
16378
16375
16372
16369
16365
16361
16357
16352
16346
16341
16334
16328
16321
16313
16305
16297
16289
16280
16270
16260
16250
16239
16228
16216
16204
16192
16179
16166
16152
16138
16124
16109
16094
16078
16062
16046
16029
16012
15994
15976
15958
15939
15920
15900
15880
15859
15838
15817
15795
15773
15751
15728
15705
15681
15657
15632
15608
15582
15557
15531
15504
15478
15450
15423
15395
15366
15338
15308
15279
15249
15219
15188
15157
15126
15094
15062
15029
14996
14962
14929
14895
14860
14825
14790
14754
14718
14682
14646
14608
14571
14533
14495
14456
14417
14378
14338
14298
14257
14217
14175
14134
14093
14050
14008
13965
13922
13878
13834
13790
13745
13700
13655
13609
13563
13517
13470
13423
13376
13328
13280
13231
13183
13134
13084
13035
12984
12934
12883
12832
12781
12729
12677
12625
12572
12519
12466
12413
12358
12304
12249
12195
12139
12084
12029
11972
11916
11859
11803
11745
11688
11630
11571
11513
11454
11395
11335
11276
11217
11156
11096
11035
10974
10912
10851
10790
10727
10665
10602
10540
10476
10413
10350
10285
10221
10156
10092
10026
9961
9896
9830
9764
9697
9631
9564
9498
9431
9363
9295
9227
9159
9090
9022
8954
8884
8815
8745
8676
8605
8535
8465
8394
8324
8252
8181
8109
8038
7967
7894
7822
7749
7677
7603
7531
7458
7384
7311
7236
7163
7088
7014
6940
6865
6791
6715
6640
6564
6489
6414
6337
6262
6185
6109
6032
5956
5880
5802
5725
5647
5571
5492
5415
5338
5259
5182
5103
5025
4946
4868
4790
4710
4632
4552
4473
4393
4315
4236
4155
4076
3995
3916
3835
3756
3676
3595
3515
3434
3354
3273
3193
3112
3031
2950
2868
2788
2706
2625
2545
2462
2381
2299
2218
2136
2055
1974
1891
1810
1727
1646
1563
1482
1400
1317
1236
1153
1071
988
907
825
742
660
577
496
412
331
249
166
84
1
-81
-164
-246
-327
-411
-492
-576
-657
-740
-822
-904
-987
-1068
-1151
-1233
-1316
-1397
-1478
-1561
-1643
-1725
-1807
-1889
-1970
-2052
-2134
-2215
-2298
-2378
-2461
-2541
-2622
-2704
-2785
-2867
-2947
-3029
-3109
-3189
-3271
-3351
-3432
-3512
-3594
-3673
-3753
-3834
-3913
-3994
-4073
-4154
-4233
-4312
-4392
-4470
-4550
-4629
-4709
-4787
-4865
-4944
-5022
-5101
-5179
-5258
-5335
-5414
-5491
-5568
-5646
-5722
-5800
-5877
-5954
-6030
-6106
-6183
-6259
-6336
-6411
-6488
-6563
-6637
-6713
-6788
-6863
-6938
-7013
-7087
-7160
-7235
-7308
-7383
-7455
-7529
-7602
-7674
-7748
-7819
-7893
-7964
-8037
-8108
-8179
-8251
-8321
-8393
-8463
-8534
-8604
-8673
-8743
-8812
-8883
-8951
-9021
-9089
-9157
-9226
-9293
-9361
-9428
-9496
-9563
-9629
-9696
-9762
-9829
-9894
-9960
-10025
-10089
-10155
-10219
-10284
-10347
-10411
-10474
-10537
-10601
-10663
-10726
-10788
-10850
-10911
-10972
-11034
-11094
-11155
-11215
-11275
-11334
-11393
-11453
-11511
-11570
-11628
-11686
-11744
-11800
-11858
-11914
-11971
-12027
-12083
-12138
-12193
-12248
-12302
-12357
-12411
-12465
-12518
-12570
-12624
-12675
-12728
-12779
-12831
-12882
-12932
-12983
-13033
-13083
-13132
-13182
-13230
-13278
-13327
-13374
-13422
-13469
-13516
-13562
-13608
-13654
-13699
-13744
-13788
-13833
-13877
-13920
-13964
-14006
-14049
-14091
-14134
-14175
-14215
-14257
-14297
-14337
-14377
-14416
-14455
-14493
-14532
-14569
-14607
-14644
-14681
-14717
-14753
-14789
-14824
-14859
-14894
-14928
-14961
-14995
-15028
-15060
-15093
-15124
-15156
-15187
-15218
-15248
-15278
-15308
-15337
-15366
-15394
-15422
-15450
-15477
-15504
-15530
-15556
-15582
-15607
-15632
-15656
-15681
-15704
-15728
-15750
-15773
-15795
-15816
-15838
-15859
-15879
-15899
-15919
-15938
-15957
-15976
-15994
-16011
-16029
-16045
-16062
-16078
-16094
-16109
-16124
-16138
-16152
-16166
-16179
-16192
-16204
-16216
-16228
-16239
-16249
-16260
-16270
-16279
-16288
-16297
-16305
-16313
-16321
-16328
-16334
-16340
-16346
-16352
-16357
-16361
-16365
-16369
-16372
-16375
-16378
-16380
-16381
-16383
-16384
-16384
-16384
-16384
-16383
-16381
-16380
-16378
-16375
-16372
-16369
-16365
-16361
-16357
-16352
-16346
-16341
-16334
-16328
-16321
-16313
-16305
-16297
-16289
-16280
-16270
-16260
-16250
-16239
-16228
-16216
-16204
-16192
-16179
-16166
-16152
-16138
-16124
-16109
-16094
-16078
-16062
-16046
-16029
-16012
-15994
-15976
-15958
-15939
-15920
-15900
-15880
-15859
-15838
-15817
-15795
-15773
-15751
-15728
-15705
-15681
-15657
-15632
-15608
-15582
-15557
-15531
-15504
-15478
-15450
-15423
-15395
-15366
-15338
-15308
-15279
-15249
-15219
-15188
-15157
-15126
-15094
-15062
-15029
-14996
-14962
-14929
-14895
-14860
-14825
-14790
-14754
-14718
-14682
-14646
-14608
-14571
-14533
-14495
-14456
-14417
-14378
-14338
-14298
-14257
-14217
-14175
-14134
-14093
-14050
-14008
-13965
-13922
-13878
-13834
-13790
-13745
-13700
-13655
-13609
-13563
-13517
-13470
-13423
-13376
-13328
-13280
-13231
-13183
-13134
-13084
-13035
-12984
-12934
-12883
-12832
-12781
-12729
-12677
-12625
-12572
-12519
-12466
-12413
-12358
-12304
-12249
-12195
-12139
-12084
-12029
-11972
-11916
-11859
-11803
-11745
-11688
-11630
-11571
-11513
-11454
-11395
-11335
-11276
-11217
-11156
-11096
-11035
-10974
-10912
-10851
-10790
-10727
-10665
-10602
-10540
-10476
-10413
-10350
-10285
-10221
-10156
-10092
-10026
-9961
-9896
-9830
-9764
-9697
-9631
-9564
-9498
-9431
-9363
-9295
-9227
-9159
-9090
-9022
-8954
-8884
-8815
-8745
-8676
-8605
-8535
-8465
-8394
-8324
-8252
-8181
-8109
-8038
-7967
-7894
-7822
-7749
-7677
-7603
-7531
-7458
-7384
-7311
-7236
-7163
-7088
-7014
-6940
-6865
-6791
-6715
-6640
-6564
-6489
-6414
-6337
-6262
-6185
-6109
-6032
-5956
-5880
-5802
-5725
-5647
-5571
-5492
-5415
-5338
-5259
-5182
-5103
-5025
-4946
-4868
-4790
-4710
-4632
-4552
-4473
-4393
-4315
-4236
-4155
-4076
-3995
-3916
-3835
-3756
-3676
-3595
-3515
-3434
-3354
-3273
-3193
-3112
-3031
-2950
-2868
-2788
-2706
-2625
-2545
-2462
-2381
-2299
-2218
-2136
-2055
-1974
-1891
-1810
-1727
-1646
-1563
-1482
-1400
-1317
-1236
-1153
-1071
-988
-907
-825
-742
-660
-577
-496
-412
-331
-249
-166
-84
-1
81
164
246
327
411
492
576
657
740
822
904
987
1068
1151
1233
1316
1397
1478
1561
1643
1725
1807
1889
1970
2052
2134
2215
2298
2378
2461
2541
2622
2704
2785
2867
2947
3029
3109
3189
3271
3351
3432
3512
3594
3673
3753
3834
3913
3994
4073
4154
4233
4312
4392
4470
4550
4629
4709
4787
4865
4944
5022
5101
5179
5258
5335
5412
5491
5568
5646
5722
5800
5877
5953
6030
6106
6183
6259
6336
6411
6486
6563
6637
6713
6788
6863
6938
7011
7087
7160
7235
7308
7383
7455
7528
7602
7674
7748
7819
7893
7964
8035
8108
8179
8251
8321
8393
8463
8533
8604
8673
8743
8812
8883
8951
9019
9089
9157
9226
9293
9361
9428
9495
9563
9629
9696
9762
9829
9894
9959
10025
10089
10155
10219
10284
10347
10410
10474
10537
10601
10663
10726
10788
10849
10911
10972
11034
11094
11155
11215
11274
11334
11393
11453
11511
11570
11628
11685
11744
11800
11858
11914
11971
12027
12082
12138
12193
12248
12302
12357
12411
12464
12518
12570
12624
12675
12728
12779
12830
12882
12932
12983
13033
13083
13132
13181
13230
13278
13327
13374
13422
13469
13515
13562
13608
13654
13699
13744
13788
13832
13877
13920
13964
14006
14049
14091
14133
14175
14215
14257
14297
14337
14377
14416
14455
14493
14532
14569
14607
14644
14681
14717
14753
14789
14824
14859
14894
14927
14961
14995
15028
15060
15093
15124
15156
15187
15218
15248
15278
15308
15337
15365
15394
15422
15450
15477
15504
15530
15556
15582
15607
15632
15656
15681
15704
15727
15750
15773
15795
15816
15838
15859
15879
15899
15919
15938
15957
15976
15994
16011
16029
16045
16062
16078
16094
16109
16123
16138
16152
16166
16179
16192
16204
16216
16228
16239
16249
16260
16270
16279
16288
16297
16305
16313
16321
16328
16334
16340
16346
16352
16357
16361
16365
16369
16372
16375
16378
16380
16381
16383
16384
16384
16384
16384
16383
16381
16380
16378
16375
16372
16369
16365
16361
16357
16352
16346
16341
16334
16328
16321
16313
16305
16297
16289
16280
16270
16260
16250
16239
16228
16216
16204
16192
16179
16166
16152
16139
16124
16109
16094
16078
16062
16046
16029
16012
15994
15976
15958
15939
15920
15900
15880
15859
15838
15817
15795
15773
15751
15728
15705
15681
15657
15632
15608
15583
15557
15531
15504
15478
15450
15423
15395
15366
15338
15308
15279
15249
15219
15188
15157
15126
15094
15062
15029
14996
14963
14929
14895
14860
14825
14790
14754
14719
14682
14646
14608
14571
14533
14495
14456
14417
14378
14338
14298
14257
14217
14176
14134
14093
14050
14008
13965
13922
13879
13834
13790
13745
13700
13655
13609
13564
13517
13470
13423
13376
13328
13280
13232
13183
13134
13084
13035
12984
12934
12884
12832
12781
12729
12677
12625
12572
12520
12466
12413
12358
12304
12249
12195
12140
12084
12029
11972
11916
11859
11803
11745
11688
11630
11571
11513
11454
11395
11335
11276
11217
11156
11096
11035
10974
10912
10851
10790
10727
10665
10602
10540
10476
10413
10350
10285
10221
10156
10092
10026
9961
9896
9830
9764
9697
9631
9564
9498
9431
9363
9295
9227
9159
9090
9022
8954
8884
8815
8745
8676
8605
8535
8465
8394
8324
8252
8181
8109
8038
7967
7894
7822
7749
7677
7603
7531
7458
7384
7311
7236
7163
7088
7014
6940
6865
6791
6715
6640
6564
6489
6414
6337
6262
6185
6109
6032
5956
5880
5802
5725
5647
5571
5492
5415
5338
5259
5182
5103
5025
4946
4868
4790
4710
4632
4552
4473
4393
4315
4236
4155
4076
3995
3916
3835
3756
3676
3595
3515
3434
3354
3273
3193
3112
3031
2950
2868
2788
2706
2625
2545
2462
2381
2299
2218
2136
2055
1974
1891
1810
1727
1646
1563
1482
1400
1317
1236
1153
1071
988
907
825
742
660
577
496
412
331
249
166
84
1
-81
-164
-246
-327
-411
-492
-576
-657
-740
-822
-904
-987
-1068
-1151
-1233
-1316
-1397
-1478
-1561
-1643
-1725
-1807
-1889
-1970
-2052
-2134
-2215
-2298
-2378
-2461
-2541
-2622
-2704
-2785
-2867
-2947
-3029
-3109
-3189
-3271
-3351
-3432
-3512
-3594
-3673
-3753
-3834
-3913
-3994
-4073
-4154
-4233
-4312
-4392
-4470
-4550
-4629
-4709
-4787
-4865
-4944
-5022
-5101
-5179
-5258
-5335
-5412
-5491
-5568
-5646
-5722
-5800
-5877
-5953
-6030
-6106
-6183
-6259
-6336
-6411
-6486
-6563
-6637
-6713
-6788
-6863
-6938
-7011
-7087
-7160
-7235
-7308
-7383
-7455
-7528
-7602
-7674
-7748
-7819
-7893
-7964
-8035
-8108
-8179
-8251
-8321
-8393
-8463
-8533
-8604
-8673
-8743
-8812
-8883
-8951
-9019
-9089
-9157
-9226
-9293
-9361
-9428
-9495
-9563
-9629
-9696
-9762
-9829
-9894
-9959
-10025
-10089
-10155
-10219
-10284
-10347
-10410
-10474
-10537
-10601
-10663
-10726
-10788
-10849
-10911
-10972
-11034
-11094
-11155
-11215
-11274
-11334
-11393
-11453
-11511
-11570
-11628
-11685
-11744
-11800
-11858
-11914
-11971
-12027
-12082
-12138
-12193
-12248
-12302
-12357
-12411
-12464
-12518
-12570
-12624
-12675
-12728
-12779
-12830
-12882
-12932
-12983
-13033
-13083
-13132
-13181
-13230
-13278
-13327
-13374
-13422
-13469
-13515
-13562
-13608
-13654
-13699
-13744
-13788
-13832
-13877
-13920
-13964
-14006
-14049
-14091
-14133
-14175
-14215
-14257
-14297
-14337
-14377
-14416
-14455
-14493
-14532
-14569
-14607
-14644
-14681
-14717
-14753
-14789
-14824
-14859
-14894
-14927
-14961
-14995
-15028
-15060
-15093
-15124
-15156
-15187
-15218
-15248
-15278
-15308
-15337
-15365
-15394
-15422
-15450
-15477
-15504
-15530
-15556
-15582
-15607
-15632
-15656
-15681
-15704
-15727
-15750
-15773
-15795
-15816
-15838
-15859
-15879
-15899
-15919
-15938
-15957
-15976
-15994
-16011
-16029
-16045
-16062
-16078
-16094
-16109
-16123
-16138
-16152
-16166
-16179
-16192
-16204
-16216
-16228
-16239
-16249
-16260
-16270
-16279
-16288
-16297
-16305
-16313
-16321
-16328
-16334
-16340
-16346
-16352
-16357
-16361
-16365
-16369
-16372
-16375
-16378
-16380
-16381
-16383
-16384
-16384
-16384
-16384
-16383
-16381
-16380
-16378
-16375
-16372
-16369
-16365
-16361
-16357
-16352
-16346
-16341
-16334
-16328
-16321
-16313
-16305
-16297
-16289
-16280
-16270
-16260
-16250
-16239
-16228
-16216
-16204
-16192
-16179
-16166
-16152
-16139
-16124
-16109
-16094
-16078
-16062
-16046
-16029
-16012
-15994
-15976
-15958
-15939
-15920
-15900
-15880
-15859
-15838
-15817
-15795
-15773
-15751
-15728
-15705
-15681
-15657
-15632
-15608
-15583
-15557
-15531
-15504
-15478
-15450
-15423
-15395
-15366
-15338
-15308
-15279
-15249
-15219
-15188
-15157
-15126
-15094
-15062
-15029
-14996
-14963
-14929
-14895
-14860
-14825
-14790
-14754
-14719
-14682
-14646
-14608
-14571
-14533
-14495
-14456
-14417
-14378
-14338
-14298
-14257
-14217
-14176
-14134
-14093
-14050
-14008
-13965
-13922
-13879
-13834
-13790
-13745
-13700
-13655
-13609
-13564
-13517
-13470
-13423
-13376
-13328
-13280
-13232
-13183
-13134
-13084
-13035
-12984
-12934
-12884
-12832
-12781
-12729
-12677
-12625
-12572
-12520
-12466
-12413
-12358
-12304
-12249
-12195
-12140
-12084
-12029
-11972
-11916
-11859
-11803
-11746
-11688
-11630
-11571
-11513
-11454
-11395
-11337
-11276
-11217
-11156
-11096
-11035
-10974
-10913
-10851
-10790
-10727
-10665
-10602
-10540
-10477
-10413
-10350
-10285
-10221
-10156
-10092
-10027
-9961
-9896
-9830
-9764
-9697
-9631
-9565
-9498
-9431
-9363
-9295
-9227
-9159
-9091
-9022
-8954
-8884
-8815
-8745
-8676
-8606
-8535
-8465
-8394
-8324
-8252
-8181
-8110
-8038
-7967
-7894
-7822
-7749
-7677
-7605
-7531
-7458
-7384
-7311
-7236
-7163
-7089
-7014
-6940
-6865
-6791
-6715
-6640
-6565
-6489
-6414
-6337
-6262
-6185
-6109
-6033
-5956
-5880
-5802
-5725
-5647
-5571
-5494
-5415
-5338
-5259
-5182
-5103
-5025
-4947
-4868
-4790
-4710
-4632
-4552
-4473
-4395
-4315
-4236
-4155
-4076
-3995
-3916
-3837
-3756
-3676
-3595
-3515
-3434
-3354
-3274
-3193
-3112
-3031
-2950
-2868
-2788
-2707
-2625
-2545
-2462
-2381
-2299
-2218
-2137
-2055
-1974
-1891
-1810
-1727
-1646
-1564
-1482
-1400
-1317
-1236
-1153
-1071
-990
-907
-825
-742
-660
-577
-496
-414
-331
-249
-166
-84
-1
81
163
246
327
411
492
576
657
739
822
904
987
1068
1151
1233
1314
1397
1478
1561
1643
1725
1807
1888
1970
2052
2134
2215
2298
2378
2459
2541
2622
2704
2785
2867
2947
3027
3109
3189
3271
3351
3432
3512
3592
3673
3753
3834
3913
3994
4073
4152
4233
4312
4392
4470
4550
4629
4707
4787
4865
4944
5022
5101
5179
5256
5335
5412
5491
5568
5646
5722
5799
5877
5953
6030
6106
6183
6259
6334
6411
6486
6563
6637
6713
6788
6862
6938
7011
7087
7160
7235
7308
7381
7455
7528
7602
7674
7748
7819
7891
7964
8035
8108
8179
8251
8321
8391
8463
8533
8604
8673
8743
8812
8881
8951
9019
9089
9157
9226
9293
9360
9428
9495
9563
9629
9696
9762
9827
9894
9959
10025
10089
10155
10219
10282
10347
10410
10474
10537
10601
10663
10725
10788
10849
10911
10972
11034
11094
11154
11215
11274
11334
11393
11453
11511
11569
11628
11685
11744
11800
11858
11914
11970
12027
12082
12138
12193
12248
12302
12356
12411
12464
12518
12570
12624
12675
12727
12779
12830
12882
12932
12983
13033
13082
13132
13181
13230
13278
13327
13374
13421
13469
13515
13562
13608
13654
13699
13743
13788
13832
13877
13920
13964
14006
14049
14091
14133
14175
14215
14257
14297
14336
14377
14416
14455
14493
14532
14569
14607
14644
14681
14717
14753
14789
14824
14859
14894
14927
14961
14995
15028
15060
15092
15124
15156
15187
15218
15248
15278
15308
15337
15365
15394
15422
15450
15477
15504
15530
15556
15582
15607
15632
15656
15681
15704
15727
15750
15773
15795
15816
15838
15859
15879
15899
15919
15938
15957
15976
15994
16011
16029
16045
16062
16078
16094
16109
16123
16138
16152
16166
16179
16192
16204
16216
16228
16239
16249
16260
16270
16279
16288
16297
16305
16313
16321
16328
16334
16340
16346
16352
16357
16361
16365
16369
16372
16375
16378
16380
16381
16383
16384
16384
16384
16384
16383
16381
16380
16378
16375
16372
16369
16365
16361
16357
16352
16346
16341
16334
16328
16321
16313
16305
16297
16289
16280
16270
16260
16250
16239
16228
16216
16204
16192
16179
16166
16152
16139
16124
16109
16094
16078
16062
16046
16029
16012
15994
15976
15958
15939
15920
15900
15880
15859
15838
15817
15795
15773
15751
15728
15705
15681
15657
15632
15608
15583
15557
15531
15504
15478
15450
15423
15395
15366
15338
15308
15279
15249
15219
15188
15157
15126
15094
15062
15029
14996
14963
14929
14895
14860
14825
14790
14754
14719
14682
14646
14608
14571
14533
14495
14456
14417
14378
14338
14298
14257
14217
14176
14134
14093
14050
14008
13965
13922
13879
13834
13790
13745
13700
13655
13609
13564
13517
13470
13423
13376
13328
13280
13232
13183
13134
13084
13035
12984
12934
12884
12832
12781
12729
12677
12625
12572
12520
12466
12413
12358
12304
12249
12195
12140
12084
12029
11972
11916
11859
11803
11746
11688
11630
11571
11513
11454
11395
11337
11276
11217
11156
11096
11035
10974
10913
10851
10790
10727
10665
10602
10540
10477
10413
10350
10285
10221
10156
10092
10027
9961
9896
9830
9764
9697
9631
9565
9498
9431
9363
9295
9227
9159
9091
9022
8954
8884
8815
8745
8676
8606
8535
8465
8394
8324
8252
8181
8110
8038
7967
7894
7822
7749
7677
7605
7531
7458
7384
7311
7236
7163
7089
7014
6940
6865
6791
6715
6640
6565
6489
6414
6337
6262
6185
6109
6033
5956
5880
5802
5725
5647
5571
5494
5415
5338
5259
5182
5103
5025
4947
4868
4790
4710
4632
4552
4473
4395
4315
4236
4155
4076
3995
3916
3837
3756
3676
3595
3515
3434
3354
3274
3193
3112
3031
2950
2868
2788
2707
2625
2545
2462
2381
2299
2218
2137
2055
1974
1891
1810
1727
1646
1564
1482
1400
1317
1236
1153
1071
990
907
825
742
660
577
496
414
331
249
166
84
1
-81
-163
-246
-327
-411
-492
-576
-657
-739
-822
-904
-987
-1068
-1151
-1233
-1314
-1397
-1478
-1561
-1643
-1725
-1807
-1888
-1970
-2052
-2134
-2215
-2298
-2378
-2459
-2541
-2622
-2704
-2785
-2867
-2947
-3027
-3109
-3189
-3271
-3351
-3432
-3512
-3592
-3673
-3753
-3834
-3913
-3994
-4073
-4152
-4233
-4312
-4392
-4470
-4550
-4629
-4707
-4787
-4865
-4944
-5022
-5101
-5179
-5256
-5335
-5412
-5491
-5568
-5646
-5722
-5799
-5877
-5953
-6030
-6106
-6183
-6259
-6334
-6411
-6486
-6563
-6637
-6713
-6788
-6862
-6938
-7011
-7087
-7160
-7235
-7308
-7381
-7455
-7528
-7602
-7674
-7748
-7819
-7891
-7964
-8035
-8108
-8179
-8251
-8321
-8391
-8463
-8533
-8604
-8673
-8743
-8812
-8881
-8951
-9019
-9089
-9157
-9226
-9293
-9360
-9428
-9495
-9563
-9629
-9696
-9762
-9827
-9894
-9959
-10025
-10089
-10155
-10219
-10282
-10347
-10410
-10474
-10537
-10601
-10663
-10725
-10788
-10849
-10911
-10972
-11034
-11094
-11154
-11215
-11274
-11334
-11393
-11453
-11511
-11569
-11628
-11685
-11744
-11800
-11858
-11914
-11970
-12027
-12082
-12138
-12193
-12248
-12302
-12356
-12411
-12464
-12518
-12570
-12624
-12675
-12727
-12779
-12830
-12882
-12932
-12983
-13033
-13082
-13132
-13181
-13230
-13278
-13327
-13374
-13421
-13469
-13515
-13562
-13608
-13654
-13699
-13743
-13788
-13832
-13877
-13920
-13964
-14006
-14049
-14091
-14133
-14175
-14215
-14257
-14297
-14336
-14377
-14416
-14455
-14493
-14532
-14569
-14607
-14644
-14681
-14717
-14753
-14789
-14824
-14859
-14894
-14927
-14961
-14995
-15028
-15060
-15092
-15124
-15156
-15187
-15218
-15248
-15278
-15307
-15337
-15365
-15394
-15422
-15450
-15477
-15503
-15530
-15556
-15582
-15607
-15632
-15656
-15680
-15704
-15727
-15750
-15773
-15795
-15816
-15838
-15859
-15879
-15899
-15919
-15938
-15957
-15975
-15994
-16011
-16029
-16045
-16062
-16078
-16093
-16109
-16123
-16138
-16152
-16166
-16179
-16191
-16204
-16216
-16228
-16239
-16249
-16260
-16270
-16279
-16288
-16297
-16305
-16313
-16321
-16327
-16334
-16340
-16346
-16352
-16357
-16361
-16365
-16369
-16372
-16375
-16378
-16380
-16381
-16383
-16384
-16384
-16384
-16384
-16383
-16381
-16380
-16378
-16375
-16372
-16369
-16365
-16361
-16357
-16352
-16346
-16341
-16334
-16328
-16321
-16313
-16305
-16297
-16289
-16280
-16270
-16260
-16250
-16239
-16228
-16216
-16204
-16192
-16179
-16166
-16152
-16139
-16124
-16109
-16094
-16078
-16063
-16046
-16029
-16012
-15994
-15976
-15958
-15939
-15920
-15900
-15880
-15859
-15838
-15817
-15796
-15773
-15751
-15728
-15705
-15681
-15657
-15633
-15608
-15583
-15557
-15531
-15504
-15478
-15451
-15423
-15395
-15366
-15338
-15308
-15279
-15249
-15219
-15188
-15157
-15126
-15094
-15062
-15029
-14996
-14963
-14929
-14895
-14860
-14825
-14790
-14754
-14719
-14682
-14646
-14608
-14571
-14533
-14495
-14456
-14417
-14378
-14338
-14298
-14258
-14217
-14176
-14134
-14093
-14050
-14008
-13965
-13922
-13879
-13834
-13790
-13745
-13700
-13655
-13609
-13564
-13517
-13470
-13423
-13376
-13328
-13280
-13232
-13183
-13134
-13084
-13035
-12985
-12934
-12884
-12832
-12781
-12729
-12677
-12626
-12572
-12520
-12466
-12413
-12358
-12304
-12250
-12195
-12140
-12084
-12029
-11972
-11916
-11860
-11803
-11746
-11688
-11630
-11571
-11513
-11455
-11395
-11337
-11276
-11217
-11156
-11096
-11036
-10974
-10913
-10851
-10790
-10727
-10665
-10603
-10540
-10477
-10413
-10350
-10285
-10221
-10157
-10092
-10027
-9961
-9896
-9830
-9764
-9699
-9631
-9565
-9498
-9431
-9363
-9295
-9228
-9159
-9091
-9022
-8954
-8884
-8815
-8746
-8676
-8606
-8535
-8465
-8394
-8324
-8253
-8181
-8110
-8038
-7967
-7894
-7822
-7750
-7677
-7605
-7531
-7458
-7384
-7311
-7238
-7163
-7089
-7014
-6940
-6865
-6791
-6716
-6640
-6565
-6489
-6414
-6337
-6262
-6186
-6109
-6033
-5956
-5880
-5802
-5725
-5649
-5571
-5494
-5415
-5338
-5259
-5182
-5104
-5025
-4947
-4868
-4790
-4710
-4632
-4553
-4473
-4395
-4315
-4236
-4155
-4076
-3997
-3916
-3837
-3756
-3676
-3595
-3515
-3436
-3354
-3274
-3193
-3112
-3031
-2950
-2870
-2788
-2707
-2625
-2545
-2462
-2381
-2301
-2218
-2137
-2055
-1974
-1891
-1810
-1729
-1646
-1564
-1482
-1400
-1317
-1236
-1154
-1071
-990
-907
-825
-742
-660
-579
-496
-414
-331
-249
-166
-84
-2
81
163
246
327
411
492
574
657
739
822
904
987
1068
1151
1233
1314
1397
1478
1561
1643
1725
1807
1888
1970
2052
2134
2215
2298
2378
2459
2541
2622
2704
2785
2867
2947
3027
3109
3189
3271
3351
3432
3512
3592
3673
3753
3834
3913
3994
4073
4152
4233
4312
4392
4470
4550
4629
4707
4787
4865
4944
5022
5101
5179
5256
5335
5412
5491
5568
5646
5722
5799
5877
5953
6030
6106
6183
6259
6334
6411
6486
6563
6637
6713
6788
6862
6938
7011
7087
7160
7235
7308
7381
7455
7528
7602
7674
7748
7819
7891
7964
8035
8108
8179
8251
8321
8391
8463
8533
8604
8673
8743
8812
8881
8951
9019
9089
9157
9226
9293
9360
9428
9495
9563
9629
9696
9762
9827
9894
9959
10025
10089
10155
10219
10282
10347
10410
10474
10537
10601
10663
10725
10788
10849
10911
10972
11034
11094
11154
11215
11274
11334
11393
11453
11511
11569
11628
11685
11744
11800
11858
11914
11970
12027
12082
12138
12193
12248
12302
12356
12411
12464
12518
12570
12624
12675
12727
12779
12830
12882
12932
12983
13033
13082
13132
13181
13230
13278
13327
13374
13421
13469
13515
13562
13608
13654
13699
13743
13788
13832
13877
13920
13964
14006
14049
14091
14133
14175
14215
14257
14297
14336
14377
14416
14455
14493
14532
14569
14607
14644
14681
14717
14753
14789
14824
14859
14894
14927
14961
14995
15028
15060
15092
15124
15156
15187
15218
15248
15278
15307
15337
15365
15394
15422
15450
15477
15503
15530
15556
15582
15607
15632
15656
15680
15704
15727
15750
15773
15795
15816
15838
15859
15879
15899
15919
15938
15957
15975
15994
16011
16029
16045
16062
16078
16093
16109
16123
16138
16152
16166
16179
16191
16204
16216
16228
16239
16249
16260
16270
16279
16288
16297
16305
16313
16321
16327
16334
16340
16346
16352
16357
16361
16365
16369
16372
16375
16378
16380
16381
16383
16384
16384
16384
16384
16383
16381
16380
16378
16375
16372
16369
16365
16361
16357
16352
16346
16341
16334
16328
16321
16313
16305
16297
16289
16280
16270
16260
16250
16239
16228
16216
16204
16192
16179
16166
16152
16139
16124
16109
16094
16078
16063
16046
16029
16012
15994
15976
15958
15939
15920
15900
15880
15859
15838
15817
15796
15773
15751
15728
15705
15681
15657
15633
15608
15583
15557
15531
15504
15478
15451
15423
15395
15366
15338
15308
15279
15249
15219
15188
15157
15126
15094
15062
15029
14996
14963
14929
14895
14860
14825
14790
14754
14719
14682
14646
14608
14571
14533
14495
14456
14417
14378
14338
14298
14258
14217
14176
14134
14093
14050
14008
13965
13922
13879
13834
13790
13745
13700
13655
13609
13564
13517
13470
13423
13376
13328
13280
13232
13183
13134
13084
13035
12985
12934
12884
12832
12781
12729
12677
12626
12572
12520
12466
12413
12358
12304
12250
12195
12140
12084
12029
11972
11916
11860
11803
11746
11688
11630
11571
11513
11455
11395
11337
11276
11217
11156
11096
11036
10974
10913
10851
10790
10727
10665
10603
10540
10477
10413
10350
10285
10221
10157
10092
10027
9961
9896
9830
9764
9699
9631
9565
9498
9431
9363
9295
9228
9159
9091
9022
8954
8884
8815
8746
8676
8606
8535
8465
8394
8324
8253
8181
8110
8038
7967
7894
7822
7750
7677
7605
7531
7458
7384
7311
7238
7163
7089
7014
6940
6865
6791
6716
6640
6565
6489
6414
6337
6262
6186
6109
6033
5956
5880
5802
5725
5649
5571
5494
5415
5338
5259
5182
5104
5025
4947
4868
4790
4710
4632
4553
4473
4395
4315
4236
4155
4076
3997
3916
3837
3756
3676
3595
3515
3436
3354
3274
3193
3112
3031
2950
2870
2788
2707
2625
2545
2462
2381
2301
2218
2137
2055
1974
1891
1810
1729
1646
1564
1482
1400
1317
1236
1154
1071
990
907
825
742
660
579
496
414
331
249
166
84
2
-81
-163
-246
-327
-411
-492
-574
-657
-739
-822
-904
-987
-1068
-1150
-1233
-1314
-1397
-1478
-1561
-1643
-1724
-1807
-1888
-1970
-2052
-2134
-2215
-2296
-2378
-2459
-2541
-2622
-2704
-2785
-2865
-2947
-3027
-3109
-3189
-3271
-3351
-3431
-3512
-3592
-3673
-3753
-3834
-3913
-3992
-4073
-4152
-4233
-4312
-4392
-4470
-4549
-4629
-4707
-4787
-4865
-4944
-5022
-5100
-5179
-5256
-5335
-5412
-5491
-5568
-5644
-5722
-5799
-5877
-5953
-6030
-6106
-6182
-6259
-6334
-6411
-6486
-6563
-6637
-6712
-6788
-6862
-6938
-7011
-7087
-7160
-7234
-7308
-7381
-7455
-7528
-7602
-7674
-7746
-7819
-7891
-7964
-8035
-8108
-8179
-8249
-8321
-8391
-8463
-8533
-8604
-8673
-8742
-8812
-8881
-8951
-9019
-9089
-9157
-9224
-9293
-9360
-9428
-9495
-9563
-9629
-9695
-9762
-9827
-9894
-9959
-10025
-10089
-10153
-10219
-10282
-10347
-10410
-10474
-10537
-10600
-10663
-10725
-10788
-10849
-10911
-10972
-11032
-11094
-11154
-11215
-11274
-11334
-11393
-11452
-11511
-11569
-11628
-11685
-11744
-11800
-11857
-11914
-11970
-12027
-12082
-12138
-12193
-12247
-12302
-12356
-12411
-12464
-12518
-12570
-12623
-12675
-12727
-12779
-12830
-12882
-12932
-12982
-13033
-13082
-13132
-13181
-13230
-13278
-13326
-13374
-13421
-13469
-13515
-13562
-13608
-13653
-13699
-13743
-13788
-13832
-13877
-13920
-13963
-14006
-14049
-14091
-14133
-14175
-14215
-14256
-14297
-14336
-14377
-14416
-14455
-14493
-14531
-14569
-14607
-14644
-14681
-14717
-14753
-14788
-14824
-14859
-14894
-14927
-14961
-14995
-15027
-15060
-15092
-15124
-15156
-15187
-15218
-15248
-15278
-15307
-15337
-15365
-15394
-15422
-15449
-15477
-15503
-15530
-15556
-15582
-15607
-15631
-15656
-15680
-15704
-15727
-15750
-15773
-15794
-15816
-15838
-15859
-15879
-15899
-15919
-15938
-15957
-15975
-15994
-16011
-16029
-16045
-16062
-16078
-16093
-16109
-16123
-16138
-16152
-16165
-16179
-16191
-16204
-16216
-16228
-16239
-16249
-16260
-16270
-16279
-16288
-16297
-16305
-16313
-16321
-16327
-16334
-16340
-16346
-16352
-16356
-16361
-16365
-16369
-16372
-16375
-16378
-16380
-16381
-16383
-16384
-16384
-16384
-16384
-16383
-16381
-16380
-16378
-16375
-16372
-16369
-16365
-16361
-16357
-16352
-16346
-16341
-16334
-16328
-16321
-16313
-16305
-16297
-16289
-16280
-16270
-16260
-16250
-16239
-16228
-16216
-16204
-16192
-16179
-16166
-16152
-16139
-16124
-16109
-16094
-16078
-16063
-16046
-16029
-16012
-15994
-15976
-15958
-15939
-15920
-15900
-15880
-15859
-15839
-15817
-15796
-15773
-15751
-15728
-15705
-15681
-15657
-15633
-15608
-15583
-15557
-15531
-15505
-15478
-15451
-15423
-15395
-15366
-15338
-15309
-15279
-15249
-15219
-15188
-15157
-15126
-15094
-15062
-15029
-14996
-14963
-14929
-14895
-14861
-14825
-14790
-14754
-14719
-14682
-14646
-14609
-14571
-14533
-14495
-14456
-14417
-14378
-14338
-14298
-14258
-14217
-14176
-14134
-14093
-14050
-14008
-13965
-13922
-13879
-13834
-13790
-13745
-13700
-13655
-13609
-13564
-13517
-13470
-13423
-13376
-13328
-13280
-13232
-13183
-13134
-13084
-13035
-12985
-12934
-12884
-12832
-12781
-12729
-12677
-12626
-12572
-12520
-12466
-12413
-12358
-12304
-12250
-12195
-12140
-12084
-12029
-11972
-11916
-11860
-11803
-11746
-11688
-11630
-11571
-11513
-11455
-11395
-11337
-11276
-11217
-11156
-11096
-11036
-10974
-10913
-10851
-10790
-10727
-10665
-10603
-10540
-10477
-10413
-10350
-10285
-10221
-10157
-10092
-10027
-9961
-9896
-9830
-9764
-9699
-9631
-9565
-9498
-9431
-9363
-9295
-9228
-9159
-9091
-9022
-8954
-8884
-8815
-8746
-8676
-8606
-8535
-8465
-8394
-8324
-8253
-8181
-8110
-8038
-7967
-7894
-7822
-7750
-7677
-7605
-7531
-7458
-7384
-7311
-7238
-7163
-7089
-7014
-6940
-6865
-6791
-6716
-6640
-6565
-6489
-6414
-6337
-6262
-6186
-6109
-6033
-5956
-5880
-5802
-5725
-5649
-5571
-5494
-5415
-5338
-5259
-5182
-5104
-5025
-4947
-4868
-4790
-4710
-4632
-4553
-4473
-4395
-4315
-4236
-4155
-4076
-3997
-3916
-3837
-3756
-3676
-3595
-3515
-3436
-3354
-3274
-3193
-3112
-3031
-2950
-2870
-2788
-2707
-2625
-2545
-2462
-2381
-2301
-2218
-2137
-2055
-1974
-1891
-1810
-1729
-1646
-1564
-1482
-1400
-1317
-1236
-1154
-1071
-990
-907
-825
-742
-660
-579
-496
-414
-331
-249
-166
-84
-2
81
163
246
327
411
492
574
657
739
822
904
987
1068
1150
1233
1314
1397
1478
1561
1643
1724
1807
1888
1970
2052
2134
2215
2296
2378
2459
2541
2622
2704
2785
2865
2947
3027
3109
3189
3271
3351
3431
3512
3592
3673
3753
3834
3913
3992
4073
4152
4233
4312
4392
4470
4549
4629
4707
4787
4865
4944
5022
5100
5179
5256
5335
5412
5491
5568
5644
5722
5799
5877
5953
6030
6106
6182
6259
6334
6411
6486
6563
6637
6712
6788
6862
6938
7011
7087
7160
7234
7308
7381
7455
7528
7602
7674
7746
7819
7891
7964
8035
8108
8179
